1.067676000000000069e+00 2.719806193463800945e-07 6.830590949636230345e-08
1.141345000000000054e+00 2.416382927011349996e-07 5.385635946796693754e-08
1.220097999999999905e+00 2.138361154346379402e-07 4.217980672980738796e-08
1.304284999999999917e+00 1.885135082466873396e-07 3.295057435151825447e-08
1.394281000000000104e+00 1.657641392011302522e-07 2.572222526963400548e-08
1.490485999999999978e+00 1.454897791501098622e-07 2.006697331670992524e-08
1.593328999999999995e+00 1.275190864141889066e-07 1.564718619367418346e-08
1.703268999999999922e+00 1.116531882897906915e-07 1.219493344937272790e-08
1.820794999999999941e+00 9.768658648756283198e-08 9.500785255784897915e-09
1.946430000000000105e+00 8.541904110714075605e-08 7.399931754977617078e-09
2.080732999999999944e+00 7.466439983749025179e-08 5.762247883373567307e-09
2.224304000000000059e+00 6.524440186466212211e-08 4.486204623611688911e-09
2.377781000000000144e+00 5.700312840491349141e-08 3.492454134215055422e-09
2.541847999999999885e+00 4.979881120751571753e-08 2.718649509189510656e-09
2.717235000000000067e+00 4.350546900126074774e-08 2.116315978814684374e-09
2.904723999999999862e+00 3.800823730998826196e-08 1.637954180206939624e-09
3.105150000000000077e+00 3.320230218169809509e-08 1.261284355686089940e-09
3.319405999999999857e+00 2.899837420979865200e-08 9.674215468834721720e-10
3.548445000000000071e+00 2.532606835877395676e-08 7.420943157597617312e-10
3.793287999999999993e+00 2.211944864169049361e-08 5.693638811009002635e-10
4.055024000000000406e+00 1.932009238507895542e-08 4.368723949990741061e-10
4.334820999999999813e+00 1.687643235584194956e-08 3.352693908311268257e-10
4.633924000000000376e+00 1.474327023400994961e-08 2.573579840294558530e-10
4.953663999999999845e+00 1.288108594099659706e-08 1.975973406679181887e-10
5.295467000000000368e+00 1.125529622319376121e-08 1.517545852152975325e-10
5.660854999999999748e+00 9.835727953063641737e-09 1.165812492789562347e-10
6.051453000000000415e+00 8.596105795411728724e-09 8.959076683226176380e-11
6.469003999999999976e+00 7.513459413817327564e-09 6.887913106610322880e-11
6.915365000000000428e+00 6.567796768723964603e-09 5.297738980643217562e-11
7.392525000000000013e+00 5.741687967508534999e-09 4.077131945139252875e-11
7.902608999999999995e+00 5.019926182939069079e-09 3.139208983244412274e-11
8.447889999999999233e+00 4.389295562407142941e-09 2.419069225933733418e-11
9.030794000000000210e+00 3.838293522073199944e-09 1.862206026022367253e-11
9.653919000000000139e+00 3.356473248692271182e-09 1.425891094447561048e-11
1.032004000000000055e+01 2.935302800847614921e-09 1.093136542105278165e-11
1.103212000000000081e+01 2.567128946418059464e-09 8.392315017403648929e-12
1.179334000000000060e+01 2.245248411504619227e-09 6.453714093509211796e-12
1.260707999999999984e+01 1.963825623916716496e-09 4.972564311615556551e-12
1.347696999999999967e+01 1.717755758990775137e-09 3.829615922982679418e-12
1.440687999999999924e+01 1.502575583688232040e-09 2.953863999955945750e-12
1.540094999999999992e+01 1.314400582059354673e-09 2.285459320506996293e-12
1.646361999999999881e+01 1.149828424297333089e-09 1.774751290098931632e-12
1.759960999999999842e+01 1.005895717380598764e-09 1.384059103233414832e-12
1.881398000000000081e+01 8.800047845977902268e-10 1.084557724577406708e-12
2.011214999999999975e+01 7.698892621969753987e-10 8.546217722374641028e-13
2.149988000000000099e+01 6.735698443624354609e-10 6.775026851531179835e-13
2.298338000000000036e+01 5.893122842647492932e-10 5.407309921654633677e-13
2.456923000000000101e+01 5.156053774978779466e-10 4.347597495745844183e-13
2.626450000000000173e+01 4.511253114387156700e-10 3.523320500057355324e-13
2.807676000000000016e+01 3.947150185509959287e-10 2.873078552301221899e-13
3.001405000000000101e+01 3.453634429451199661e-10 2.362645975801200491e-13
3.208502000000000010e+01 3.021862207700789725e-10 1.961291249608079949e-13
3.429889000000000010e+01 2.644095928105557734e-10 1.643544805021662115e-13
3.666550999999999760e+01 2.313581207995566479e-10 1.390199114453222495e-13
3.919543000000000177e+01 2.024398781206419869e-10 1.186459253073448026e-13
4.189992000000000161e+01 1.771377513824475725e-10 1.021201959208934077e-13
4.479100999999999999e+01 1.549993079845178373e-10 8.859807920085091066e-14
4.788159000000000276e+01 1.356284219536312353e-10 7.742183777329298491e-14
5.118542000000000058e+01 1.186791840911026659e-10 6.810209984845615544e-14
5.471721000000000146e+01 1.038486545342013503e-10 6.024991697296610715e-14
5.849269999999999925e+01 9.087177785357222706e-11 5.357280927403470152e-14
6.252870000000000061e+01 7.951683590461860125e-11 4.784327751534161654e-14
6.684318000000000382e+01 6.958107605371781451e-11 4.288910866687619790e-14
7.145535999999999888e+01 6.088693948191889484e-11 3.856717765494608382e-14
7.638577999999999690e+01 5.327931108576616897e-11 3.477349647469845217e-14
8.165640000000000498e+01 4.662233394311010367e-11 3.142152774141964634e-14
8.729068999999999789e+01 4.079725064088822916e-11 2.844313679212142519e-14
9.331373999999999569e+01 3.570004818030545536e-11 2.578516209551317996e-14
9.975239000000000544e+01 3.123971783022086802e-11 2.340182654644200471e-14
1.066353000000000009e+02 2.733669089367926942e-11 2.126113900173424993e-14
1.139930999999999983e+02 2.392136615058024305e-11 1.932802949067285843e-14
1.218586999999999989e+02 2.093272090985863198e-11 1.758146443116213955e-14
1.302668999999999926e+02 1.831754345584033122e-11 1.599901027463134988e-14
1.392553000000000054e+02 1.602907802325196892e-11 1.456550101959042690e-14
1.488640000000000043e+02 1.402651386848211928e-11 1.326295114845816552e-14
1.591356000000000108e+02 1.227415284883795320e-11 1.207963339715621205e-14
1.701159000000000106e+02 1.074073476501148547e-11 1.100390112405997696e-14
1.818539000000000101e+02 9.398891533494988403e-12 1.002442416855365483e-14
1.944018000000000086e+02 8.224687059637867118e-12 9.133567109884934733e-15
2.078155999999999892e+02 7.197177401930278414e-12 8.322697598930982802e-15
2.221547999999999945e+02 6.298043389863774853e-12 7.584073083541355591e-15
2.374834999999999923e+02 5.511238480654854437e-12 6.912031089570041052e-15
2.538699000000000012e+02 4.822727203793837211e-12 6.300674809189994277e-15
2.713869000000000256e+02 4.220232671422892591e-12 5.743580968898221602e-15
2.901125999999999863e+02 3.693005956467690391e-12 5.236667716204616210e-15
3.101304000000000087e+02 3.231644255573718441e-12 4.775386281593967965e-15
3.315294000000000096e+02 2.827923439908194884e-12 4.355739609469023370e-15
3.544048999999999978e+02 2.474638838938953155e-12 3.973846762758849585e-15
3.788587999999999738e+02 2.165489185483375904e-12 3.626481181388467272e-15
4.050000999999999749e+02 1.894959945004070435e-12 3.310519626264571316e-15
4.329451000000000249e+02 1.658227660823768730e-12 3.023155078618432102e-15
