1.067676000000000069e+00 1.195061250779935096e-03 5.490718597618349022e-04
1.141345000000000054e+00 1.080702469926379718e-03 4.371926453420805938e-04
1.220097999999999905e+00 9.698584854243655091e-04 3.475223377472460890e-04
1.304284999999999917e+00 8.641651601178339942e-04 2.742476907232637199e-04
1.394281000000000104e+00 7.658527833378503402e-04 2.164284362745013703e-04
1.490485999999999978e+00 6.762701769098350630e-04 1.705338955989956287e-04
1.593328999999999995e+00 5.953076560572067135e-04 1.342260596086481349e-04
1.703268999999999922e+00 5.228628301858908667e-04 1.056394010982937890e-04
1.820794999999999941e+00 4.584667238725841456e-04 8.312786842876816588e-05
1.946430000000000105e+00 4.014902867466905263e-04 6.542519439842699376e-05
2.080732999999999944e+00 3.512621209588329824e-04 5.150592792681293902e-05
2.224304000000000059e+00 3.071292587923631426e-04 4.056737786472228608e-05
2.377781000000000144e+00 2.683900367943027631e-04 3.197313526605278068e-05
2.541847999999999885e+00 2.344632677252388370e-04 2.521484123440827734e-05
2.717235000000000067e+00 2.047881634277818241e-04 1.990026521505790528e-05
2.904723999999999862e+00 1.788710253476103926e-04 1.569251995147667473e-05
3.105150000000000077e+00 1.562029245889074770e-04 1.224778249164700695e-05
3.319405999999999857e+00 1.362947925131392812e-04 9.508139732612399096e-06
3.548445000000000071e+00 1.188672239393888413e-04 7.366263134094773232e-06
3.793287999999999993e+00 1.036217078247228415e-04 5.705193688296463226e-06
4.055024000000000406e+00 9.030000505253106546e-05 4.424049584677008652e-06
4.334820999999999813e+00 7.866336849930709340e-05 3.434526404595752116e-06
4.633924000000000376e+00 6.849655030802925110e-05 2.669654921077189150e-06
4.953663999999999845e+00 5.960699272885240169e-05 2.077665554980086803e-06
5.295467000000000368e+00 5.182169271717683028e-05 1.618899681245728366e-06
5.660854999999999748e+00 4.498078658268379312e-05 1.263207674591160520e-06
6.051453000000000415e+00 3.892398828636059845e-05 9.868838259057108487e-07
6.469003999999999976e+00 3.344403393999006025e-05 7.720360959463478176e-07
6.915365000000000428e+00 2.789598288730886516e-05 6.047744130569521153e-07
6.969759999999999955e+00 2.707169553678827876e-05 5.877377383328712371e-07
7.076439999999999841e+00 2.456877757869219269e-05 5.560753393090711723e-07
7.104887999999999870e+00 2.234463618296092719e-05 5.480098462241473829e-07
7.147560000000000358e+00 2.412582179708261078e-05 4.488182339341557632e-06
7.254240000000000244e+00 2.521976959781593251e-05 4.233053915604304622e-06
7.392525000000000013e+00 2.515207968604238418e-05 3.928978769819722437e-06
7.902608999999999995e+00 2.313681470087399367e-05 3.077183948710376203e-06
8.447889999999999233e+00 2.072421128864154784e-05 2.432276099943609318e-06
9.030794000000000210e+00 1.840768356367204753e-05 1.918276991663423719e-06
9.653919000000000139e+00 1.626648815333490977e-05 1.500090365897984025e-06
1.032004000000000055e+01 1.432709842321816213e-05 1.172084972978507371e-06
1.103212000000000081e+01 1.259282549099464271e-05 9.159463347326748526e-07
1.179334000000000060e+01 1.105297720402789003e-05 7.159202989354357015e-07
1.260707999999999984e+01 9.691874200962308962e-06 5.597146463831432761e-07
1.347696999999999967e+01 8.492575463110397453e-06 4.376676075426372340e-07
1.440687999999999924e+01 7.449200606869545866e-06 3.416838976542230239e-07
1.540094999999999992e+01 6.520824136639415632e-06 2.649640494972598322e-07
1.646361999999999881e+01 5.705701335158781127e-06 2.054588872730455976e-07
1.759960999999999842e+01 4.991132058923017295e-06 1.593161381835744261e-07
1.881398000000000081e+01 4.365244464880049105e-06 1.235719385021820412e-07
2.011214999999999975e+01 3.817404550946355036e-06 9.588432911262708827e-08
2.149988000000000099e+01 3.338093752940324369e-06 7.443239058548662960e-08
2.298338000000000036e+01 2.918859261355858068e-06 5.780759086692306646e-08
2.456923000000000101e+01 2.552239089659067568e-06 4.491605016267932082e-08
2.626450000000000173e+01 2.231701035600347096e-06 3.492090638090940808e-08
2.807676000000000016e+01 1.951609255400101400e-06 2.704328451229245552e-08
3.001405000000000101e+01 1.706561331575889138e-06 2.092908584381729483e-08
3.208502000000000010e+01 1.492297688938392617e-06 1.616172858020368750e-08
3.429889000000000010e+01 1.304939533416619439e-06 1.246847519064240896e-08
3.666550999999999760e+01 1.141130216466705933e-06 9.631733555868998736e-09
3.919543000000000177e+01 9.979137469766106743e-07 7.451548317819342567e-09
4.189992000000000161e+01 8.727009236382376176e-07 5.774667825264190739e-09
4.479100999999999999e+01 7.632341901409749671e-07 4.483718701970356938e-09
4.788159000000000276e+01 6.675235186633065652e-07 3.489337227575126377e-09
5.118542000000000058e+01 5.838395105513649680e-07 2.722573509131794290e-09
5.471721000000000146e+01 5.106660424278139962e-07 2.130839516610497146e-09
5.849269999999999925e+01 4.466804236875076583e-07 1.673348016558845609e-09
6.252870000000000061e+01 3.907254898888075006e-07 1.319213805219231535e-09
6.684318000000000382e+01 3.417917230556887059e-07 1.044653641500614187e-09
7.145535999999999888e+01 2.989966073598057169e-07 8.312550710467044643e-10
7.638577999999999690e+01 2.615667886911755241e-07 6.650342982373914938e-10
8.165640000000000498e+01 2.288296108330864502e-07 5.345707730380583690e-10
8.729068999999999789e+01 2.001935933138801074e-07 4.314303729098959450e-10
9.331373999999999569e+01 1.751451673785955847e-07 3.507333889080468792e-10
9.975239000000000544e+01 1.532337289234821443e-07 2.873322009664689951e-10
1.066353000000000009e+02 1.340660947980940316e-07 2.372622393530547701e-10
1.139930999999999983e+02 1.172979540247490200e-07 1.975225294847318580e-10
1.218586999999999989e+02 1.026288421269532663e-07 1.657749025510186223e-10
1.302668999999999926e+02 8.979578742642110887e-08 1.402549422896654448e-10
1.392553000000000054e+02 7.856828262454773604e-08 1.195869752180864425e-10
1.488640000000000043e+02 6.874529263376684448e-08 1.027300739584908694e-10
1.591356000000000108e+02 6.015119372565490509e-08 8.885945190527363918e-11
1.701159000000000106e+02 5.263210499515703101e-08 7.736526212669315903e-11
1.818539000000000101e+02 4.605324770354233486e-08 6.775360840798101418e-11
1.944018000000000086e+02 4.029720172999434315e-08 5.964388497823318219e-11
2.078155999999999892e+02 3.526068798982418328e-08 5.275483734906235957e-11
2.221547999999999945e+02 3.085393974251823013e-08 4.684936643574880199e-11
2.374834999999999923e+02 2.699811498500884848e-08 4.175795714914584382e-11
2.538699000000000012e+02 2.362424098062645832e-08 3.732753257207508618e-11
2.713869000000000256e+02 2.067215866913482818e-08 3.345538483301540026e-11
2.901125999999999863e+02 1.808896461573201176e-08 3.004540978789531235e-11
3.101304000000000087e+02 1.582868563536142991e-08 2.703144233544781853e-11
3.315294000000000096e+02 1.385083888674845510e-08 2.435636820663190533e-11
3.544048999999999978e+02 1.212017937347481877e-08 2.196881069809909167e-11
3.788587999999999738e+02 1.060580661372839108e-08 1.983495340857724333e-11
4.050000999999999749e+02 9.280681132094081461e-09 1.791994195241500064e-11
4.329451000000000249e+02 8.121123298831628882e-09 1.619804047209367202e-11
