1.004374899999999959e+00 6.403644996770735181e-04 9.103238969341980477e-05
1.009396799999999983e+00 6.285808964916076227e-04 8.942531703440205915e-05
1.014443800000000007e+00 6.166435921068866852e-04 8.784346712587539437e-05
1.019516000000000089e+00 6.045262260540155454e-04 8.629228733615651589e-05
1.024613599999999902e+00 5.922001496245683522e-04 8.477142008645355709e-05
1.029736699999999949e+00 5.796248550791678915e-04 8.328051965575445118e-05
1.034885300000000008e+00 5.667617160241197058e-04 8.181362247751099441e-05
1.040059800000000090e+00 5.535538937853886135e-04 8.037044906770309904e-05
1.045260099999999914e+00 5.399443412393679182e-04 7.895633479306148636e-05
1.050486400000000042e+00 5.258495334045354928e-04 7.757093751638869045e-05
1.055738800000000088e+00 5.111770315164281681e-04 7.620840834439258720e-05
1.061017499999999947e+00 4.957945848745253610e-04 7.486849410027426085e-05
1.066322599999999898e+00 4.795447628758378470e-04 7.355641395885272266e-05
1.071654200000000001e+00 4.621972626280341947e-04 7.226097356006294604e-05
1.077012499999999928e+00 4.434526049634585011e-04 7.099823392301600825e-05
1.082397499999999901e+00 4.228590314682012931e-04 6.975165787661374405e-05
1.087809500000000096e+00 3.997278646018084455e-04 6.853178803514351272e-05
1.093248599999999904e+00 3.729225717950105149e-04 6.733298376155676622e-05
1.098714799999999991e+00 3.403253366690919021e-04 6.615502091178680755e-05
1.104208400000000090e+00 2.972690653711076861e-04 6.499765904103830985e-05
1.109729399999999977e+00 2.291089604006433199e-04 6.386067792853557593e-05
1.115278100000000050e+00 -1.209093566662826667e-04 6.274384182153257251e-05
1.115315000000000056e+00 -1.531802491600368617e-04 6.273654313015740263e-05
1.115485000000000060e+00 -1.579324872728144695e-04 3.437346710106841904e-04
1.120854500000000087e+00 2.066072065749871328e-04 3.377640833626362931e-04
1.126458699999999924e+00 2.566791890672783807e-04 3.316726917037023776e-04
1.132090999999999958e+00 2.739518536614304238e-04 3.256901269270820790e-04
1.137751500000000027e+00 2.648311176950755136e-04 3.198151879898626497e-04
1.142212999999999923e+00 1.142224410776157209e-04 3.152816948120579243e-04
1.142387100000000100e+00 1.126356810042882477e-04 4.472073319114451898e-04
1.143440199999999907e+00 2.242889742569065996e-04 4.457103592831283541e-04
1.149157399999999996e+00 3.147829259269643290e-04 4.376787388727764318e-04
1.154903199999999908e+00 3.518177904793876043e-04 4.297966983823334392e-04
1.160677699999999923e+00 3.766353323621876321e-04 4.220525252746522423e-04
1.166481099999999937e+00 3.952464635262411294e-04 4.144496663528256762e-04
1.172313500000000008e+00 4.099080775086542863e-04 4.069865505019752455e-04
1.178175100000000031e+00 4.217576194982531322e-04 3.996566414727556883e-04
1.184066000000000063e+00 4.314709374652672398e-04 3.924584701230077318e-04
1.189986299999999941e+00 4.394925892025668222e-04 3.853905793095441777e-04
1.195936200000000005e+00 4.461252633058285992e-04 3.784514921958906787e-04
1.201915899999999926e+00 4.515924439907442441e-04 3.716349002400651919e-04
1.207925499999999985e+00 4.560638215847730203e-04 3.649442809318319096e-04
1.213965100000000019e+00 4.596624561546866733e-04 3.583734298775981372e-04
1.220034999999999981e+00 4.624880403426035467e-04 3.519257411070910628e-04
1.226135100000000033e+00 4.646207326725750150e-04 3.455903901380631888e-04
1.232265799999999967e+00 4.661190548205158303e-04 3.393707914226452176e-04
1.238427100000000003e+00 4.670238494849357947e-04 3.332609833179839948e-04
1.244619300000000095e+00 4.673631308126438024e-04 3.272643873005364390e-04
1.250842400000000021e+00 4.671486346770435259e-04 3.213751094995663613e-04
1.257096599999999897e+00 4.663673398703720011e-04 3.155919401921641887e-04
1.263382100000000063e+00 4.649828349593982941e-04 3.099136815740386212e-04
1.269698999999999911e+00 4.628994980009273484e-04 3.043391715634983672e-04
1.276047500000000001e+00 4.599264685286572648e-04 2.988626691079690088e-04
1.282427699999999948e+00 4.556308424356981320e-04 2.934876428734303159e-04
1.288839899999999927e+00 4.488015073034300867e-04 2.882083957153444738e-04
1.295284000000000102e+00 4.327340543877699437e-04 2.830239183156297330e-04
1.296484100000000028e+00 4.243701987676511871e-04 2.820745074341709591e-04
1.298915999999999960e+00 4.236723863930474867e-04 3.180732933746474806e-04
1.301760500000000098e+00 4.380362047960713692e-04 3.156823240451926606e-04
1.308269300000000079e+00 4.488494389635998153e-04 3.102915056371495831e-04
1.314810599999999940e+00 4.536760632130765083e-04 3.049952577015841012e-04
1.321384700000000079e+00 4.564095166071828816e-04 2.997924984979588462e-04
1.327991600000000050e+00 4.580154186345583188e-04 2.946822251123155023e-04
1.334631600000000029e+00 4.588891625783951132e-04 2.896633756920179224e-04
1.341304700000000016e+00 4.592393362781947014e-04 2.847262783272772524e-04
1.348011199999999965e+00 4.591832738135678458e-04 2.798786628188386664e-04
1.354751299999999992e+00 4.588091172192207846e-04 2.751152184388602458e-04
1.361525000000000096e+00 4.581715342420087603e-04 2.704350478036911492e-04
1.368332700000000068e+00 4.573079192446976725e-04 2.657988676176629137e-04
1.375174300000000072e+00 4.562342156837509931e-04 2.612445104810327649e-04
1.382050199999999895e+00 4.549802635800215354e-04 2.567625924243834273e-04
1.388960500000000042e+00 4.535677472172178312e-04 2.523565453629166315e-04
1.395905299999999905e+00 4.520139887572681425e-04 2.480255504928108117e-04
1.402884800000000043e+00 4.503320807848160763e-04 2.437729302029602687e-04
1.409899199999999908e+00 4.485382183046839619e-04 2.395895374192133108e-04
1.416948700000000061e+00 4.466410270633407262e-04 2.354746199180724441e-04
1.424033499999999952e+00 4.446488592298740070e-04 2.314356136552783889e-04
1.431153600000000026e+00 4.425733562582182716e-04 2.274594795037346566e-04
1.438309400000000071e+00 4.404187145939387473e-04 2.235536142526005040e-04
1.445500900000000088e+00 4.381926249072713915e-04 2.197172637187244811e-04
1.452728400000000031e+00 4.359023435697879098e-04 2.159456240107104745e-04
1.459992100000000015e+00 4.335532959012018033e-04 2.122419738374471275e-04
1.467292000000000041e+00 4.311492193674144532e-04 2.086016076307518029e-04
1.474628499999999898e+00 4.286967436570190515e-04 2.050198478341209670e-04
1.482001600000000030e+00 4.262009029986905300e-04 2.015039505556848762e-04
1.489411700000000005e+00 4.236615837315839926e-04 1.980453216684742110e-04
1.496858699999999986e+00 4.210868354673358706e-04 1.946472716859616462e-04
1.504342999999999986e+00 4.184763736278401293e-04 1.913091001341879905e-04
1.511864700000000061e+00 4.158347320380229896e-04 1.880262994680604758e-04
1.519424000000000108e+00 4.131662374623337264e-04 1.847982654591933793e-04
1.527021200000000078e+00 4.104704931078380012e-04 1.816282022112152234e-04
1.534656299999999973e+00 4.077532713394098817e-04 1.785116879507228226e-04
1.542329499999999909e+00 4.050141209604637949e-04 1.754481344132135558e-04
1.550041199999999897e+00 4.022569143760739677e-04 1.724369364886387120e-04
1.557791399999999937e+00 3.994841475790109411e-04 1.694812792204047989e-04
1.565580399999999983e+00 3.966966482489676731e-04 1.665730824524659084e-04
1.573408300000000093e+00 3.938967484267677423e-04 1.637155482942598077e-04
1.581275299999999939e+00 3.910852478197628665e-04 1.609044310934099823e-04
1.589181699999999919e+00 3.882656644911540466e-04 1.581465500826911895e-04
1.597127600000000092e+00 3.854387317629093734e-04 1.554303673241705049e-04
1.605113199999999907e+00 3.826064827260658419e-04 1.527663323005870111e-04
1.613138799999999984e+00 3.797681326733356425e-04 1.501466172682683006e-04
1.621204499999999937e+00 3.769270452516510503e-04 1.475707488292661985e-04
1.629310500000000106e+00 3.740850912487278870e-04 1.450418233860358355e-04
1.637457099999999999e+00 3.712414089066865246e-04 1.425521895838925571e-04
1.645644300000000060e+00 3.683979102146429322e-04 1.401085275674841997e-04
1.653872599999999915e+00 3.655562181684400818e-04 1.377067708505498405e-04
1.662141899999999950e+00 3.627181624620776372e-04 1.353464833952084387e-04
1.670452599999999954e+00 3.598827703055312833e-04 1.330271912813956424e-04
1.678804900000000044e+00 3.570529415750007575e-04 1.307484416907685166e-04
1.687198900000000057e+00 3.542302743722621893e-04 1.285063409358480407e-04
1.695634899999999945e+00 3.514113335943280922e-04 1.262936171216886086e-04
1.704113100000000047e+00 3.485964975198792520e-04 1.241202377710758022e-04
1.712633700000000037e+00 3.457873337657210223e-04 1.219823637383036900e-04
1.721196799999999971e+00 3.429853930940078349e-04 1.198830030826202091e-04
1.729802800000000085e+00 3.401897009368952960e-04 1.178183438467983945e-04
1.738451799999999992e+00 3.374029323595606434e-04 1.157913675997002893e-04
1.747144100000000089e+00 3.346241281913022998e-04 1.137983107631511712e-04
1.755879799999999991e+00 3.318547266884721170e-04 1.118388106705772391e-04
1.764659200000000094e+00 3.290949081476310877e-04 1.099124948580526887e-04
1.773482500000000073e+00 3.263460031258632655e-04 1.080222852682149917e-04
1.782349900000000043e+00 3.236081849056841029e-04 1.061612370214122650e-04
1.791261699999999957e+00 3.208815854813935843e-04 1.043355409195881838e-04
1.800218000000000096e+00 3.181664040901690843e-04 1.025415655593551459e-04
1.809219099999999969e+00 3.154638370572216441e-04 1.007757358448476299e-04
1.818265199999999915e+00 3.127740057637761048e-04 9.904095706556674517e-05
1.827356500000000050e+00 3.100970270846443782e-04 9.733688558746732256e-05
1.836493300000000106e+00 3.074329799828179918e-04 9.566317556946972445e-05
1.845675699999999919e+00 3.047830389690002126e-04 9.401633872132926701e-05
1.854904099999999945e+00 3.021461901512443498e-04 9.239921785327752596e-05
1.864178600000000019e+00 2.995245915091155741e-04 9.081148648835912719e-05
1.873499500000000095e+00 2.969162449036222718e-04 8.924970186945362788e-05
1.882867000000000068e+00 2.943232284922121648e-04 8.771358480348541420e-05
1.892281399999999891e+00 2.917455431349564362e-04 8.620593226242007187e-05
1.901742800000000067e+00 2.891822773028021641e-04 8.472336557305339155e-05
1.911251500000000103e+00 2.866344184592657402e-04 8.326560848723388981e-05
1.920807699999999896e+00 2.841019909125153814e-04 8.183542435299191904e-05
1.930411799999999900e+00 2.815859013451772015e-04 8.042645751387028673e-05
1.940063799999999894e+00 2.790843324669286889e-04 7.903849722909993269e-05
1.949764199999999947e+00 2.766000179397652345e-04 7.767430149400210220e-05
1.959513000000000060e+00 2.741302291391407462e-04 7.633361846248436634e-05
1.969310499999999964e+00 2.716767917177795441e-04 7.501618636795771595e-05
1.979157099999999891e+00 2.692396355976709051e-04 7.372174226255485431e-05
1.989052899999999902e+00 2.668187722858462139e-04 7.244710838955498730e-05
1.998998100000000111e+00 2.644141833895665328e-04 7.119790554851016288e-05
2.008993100000000087e+00 2.620257964644426155e-04 6.996803526536131488e-05
2.019038099999999947e+00 2.596535915830097273e-04 6.875729462386445505e-05
2.029133299999999807e+00 2.572984008151503726e-04 6.756835309793550774e-05
2.039279000000000064e+00 2.549593047445609354e-04 6.639810853368976345e-05
2.049475399999999947e+00 2.526362792905662989e-04 6.524920563408620022e-05
2.059722700000000017e+00 2.503309559654293723e-04 6.412140606575802266e-05
2.070021300000000064e+00 2.480415689865863140e-04 6.301165341590518794e-05
2.080371400000000204e+00 2.457689039022592980e-04 6.192255583669105368e-05
2.090773299999999946e+00 2.435128847484527325e-04 6.085109223108618932e-05
2.101227199999999851e+00 2.412742549137494321e-04 5.979984649754262882e-05
2.111733300000000035e+00 2.390521482493271083e-04 5.876583202857760404e-05
2.122291999999999845e+00 2.368464651152005337e-04 5.774885833526681163e-05
2.132903400000000005e+00 2.346579460705116855e-04 5.675147598340266861e-05
2.143568000000000140e+00 2.324864467002769571e-04 5.577073709935461917e-05
2.154285799999999806e+00 2.303319325599134475e-04 5.480646716502729450e-05
2.165057200000000126e+00 2.281942817609104246e-04 5.385848273089661580e-05
2.175882500000000164e+00 2.260726524053580490e-04 5.292928181657500749e-05
2.186761900000000036e+00 2.239691938779936255e-04 5.201332182132859710e-05
2.197695700000000141e+00 2.218815793285901445e-04 5.111576786049940144e-05
2.208684199999999986e+00 2.198111733701481395e-04 5.023376872245439664e-05
2.219727600000000134e+00 2.177578760486975152e-04 4.936452991920109364e-05
2.230826299999999929e+00 2.164915663393753779e-04 4.851313978611660241e-05
2.241980400000000095e+00 2.144637867991555278e-04 4.766120678913623960e-05
2.253190299999999979e+00 2.124514649170958181e-04 4.682430510612405858e-05
2.264456200000000141e+00 2.104545427628237275e-04 4.600226931028812488e-05
2.275778499999999926e+00 2.084729247533043605e-04 4.519493136733994891e-05
2.287157399999999896e+00 2.068775344731912957e-04 4.439958197026571307e-05
2.298593200000000003e+00 2.049233141455045616e-04 4.361356193772767732e-05
2.310086200000000201e+00 2.029835499487100568e-04 4.284182841839545840e-05
2.321636600000000161e+00 2.010595061416482201e-04 4.208422265697842491e-05
2.333244800000000119e+00 1.991504223726172848e-04 4.134058366721796483e-05
2.344911000000000190e+00 1.972562383920885504e-04 4.060827141090980730e-05
2.356635600000000164e+00 1.953774928868886619e-04 3.989210853947303337e-05
2.368418699999999877e+00 1.935141227149485721e-04 3.918452808033998466e-05
2.380260799999999843e+00 1.916659988368427060e-04 3.849278841123208929e-05
2.392162100000000180e+00 1.898324277752855933e-04 3.781183215140960954e-05
2.404122999999999788e+00 1.880145334315299244e-04 3.714396623924845644e-05
2.416143599999999836e+00 1.862122341484062291e-04 3.648663327554440617e-05
2.428224300000000113e+00 1.844242091508664476e-04 3.584211832413104472e-05
2.440365400000000129e+00 1.826521532861469850e-04 3.520788733786452563e-05
2.452567199999999836e+00 1.808947687585433616e-04 3.458620531634721358e-05
2.464830099999999913e+00 1.791525267350763139e-04 3.397456302593460765e-05
2.477154200000000195e+00 1.774253466706171155e-04 3.337285527659859249e-05
2.489539999999999864e+00 1.757130905714312716e-04 3.278331214794288418e-05
2.501987699999999926e+00 1.740151029214771609e-04 3.220579402200289320e-05
2.514497599999999888e+00 1.723329607935740167e-04 3.163552798419362204e-05
2.527070099999999986e+00 1.706648587609730359e-04 3.107705367841371127e-05
2.539705500000000171e+00 1.690117976548702946e-04 3.052794006512042727e-05
2.552404000000000117e+00 1.673731295199777354e-04 2.999036857171621682e-05
2.565166000000000057e+00 1.657492707363233085e-04 2.945966117319375355e-05
2.577991899999999781e+00 1.641400888770914339e-04 2.894026974975924982e-05
2.590881800000000013e+00 1.625449670944034816e-04 2.842981527324319071e-05
2.603836199999999934e+00 1.611810441977282551e-04 2.792596017795940353e-05
2.616855399999999943e+00 1.596130700282676540e-04 2.742864056824017031e-05
2.629939699999999991e+00 1.580593258185158294e-04 2.694222290222519176e-05
2.643089400000000033e+00 1.565191934307476936e-04 2.646217042078563274e-05
2.656304800000000021e+00 1.549925738112846571e-04 2.599280697763167120e-05
2.669586300000000190e+00 1.534798502584982507e-04 2.552964061598190511e-05
2.682934299999999883e+00 1.519804108760158194e-04 2.507695212706658640e-05
2.696348899999999826e+00 1.504946652496525785e-04 2.463029775641751039e-05
2.709830699999999926e+00 1.490224691927856274e-04 2.419391469726741930e-05
2.723379800000000017e+00 1.475637354516930047e-04 2.376340399884435683e-05
2.736996700000000171e+00 1.461188028503213662e-04 2.334296250199027403e-05
2.750681699999999896e+00 1.446866207060999796e-04 2.292823387557281310e-05
2.764435100000000034e+00 1.432675563603988953e-04 2.252126863747355357e-05
2.778257299999999930e+00 1.418619491337453557e-04 2.212197836589135426e-05
2.792148599999999981e+00 1.404692297519556058e-04 2.172819002011793619e-05
2.806109300000000140e+00 1.390897407677341635e-04 2.134400042135083496e-05
2.820139900000000033e+00 1.377233461275946264e-04 2.096516059721526806e-05
2.834240600000000221e+00 1.363695030991767204e-04 2.059367293062152200e-05
2.848411800000000049e+00 1.350289676496343658e-04 2.022863480750748403e-05
2.862653900000000196e+00 1.337007465199762854e-04 1.987038160990253991e-05
2.876967099999999888e+00 1.323855996426402031e-04 1.951843275652653855e-05
2.891351999999999922e+00 1.310833759629118360e-04 1.917271660649936206e-05
2.905808700000000133e+00 1.297935554725696157e-04 1.883316554001430415e-05
2.920337799999999984e+00 1.285164151787345052e-04 1.849990870937800861e-05
2.934939400000000198e+00 1.272522614925482981e-04 1.817247973320665246e-05
2.949614099999999794e+00 1.260013419341452119e-04 1.785101006140640538e-05
2.964362200000000058e+00 1.247631159006747027e-04 1.753543319894422596e-05
2.979184000000000054e+00 1.235382484884905486e-04 1.722490111568602633e-05
2.994079900000000016e+00 1.223273664144462931e-04 1.691994322315993864e-05
3.009050300000000178e+00 1.211310674356171519e-04 1.661178570034245472e-05
3.024095599999999884e+00 1.199433858104519997e-04 1.630396389123692748e-05
3.039216099999999976e+00 1.187635435274718649e-04 1.600205225409907859e-05
3.054412199999999800e+00 1.175926683652332705e-04 1.570560183712655500e-05
3.069684200000000196e+00 1.164307306452633077e-04 1.541474169334974110e-05
3.085032599999999903e+00 1.152787932689284265e-04 1.512940781701456412e-05
3.100457800000000042e+00 1.141364198631661728e-04 1.484953731437506060e-05
3.115960100000000121e+00 1.130039204790757350e-04 1.457488139518137300e-05
3.131539899999999932e+00 1.118815834519240983e-04 1.430519506252525438e-05
3.147197600000000151e+00 1.107693283962157344e-04 1.404079282758629145e-05
3.162933600000000123e+00 1.096667241652705179e-04 1.378124567384651822e-05
3.178748199999999802e+00 1.085744048361060658e-04 1.352668265217189918e-05
3.194641999999999982e+00 1.074922677346393837e-04 1.327668136001835988e-05
3.210615199999999891e+00 1.064198972872034131e-04 1.303155460436764021e-05
3.226668300000000045e+00 1.053575472346445494e-04 1.279088504739205458e-05
3.242801599999999951e+00 1.043051374556533845e-04 1.255498238579473885e-05
3.259015600000000124e+00 1.032625755625088962e-04 1.232325513769848838e-05
3.275310699999999908e+00 1.022297765754125095e-04 1.209601264195885263e-05
3.291687299999999983e+00 1.012069807463267273e-04 1.187284972093070541e-05
3.308145699999999856e+00 1.001934585213832776e-04 1.165407339161036737e-05
3.324686400000000042e+00 9.918976671944295536e-05 1.143928252160378829e-05
3.341309900000000166e+00 9.819580800932091436e-05 1.122843211381765685e-05
3.358016399999999901e+00 9.721119191417433244e-05 1.102165205663979915e-05
3.374806500000000042e+00 9.623613507496459182e-05 1.081872262894270764e-05
3.391680500000000098e+00 9.527055450138503551e-05 1.061960071093523975e-05
3.408638900000000138e+00 9.431405407738326953e-05 1.042424293137266915e-05
3.425682099999999952e+00 9.336685549613094027e-05 1.023243659130463786e-05
3.442810500000000218e+00 9.242887260782797190e-05 1.004431114990417740e-05
3.460024600000000117e+00 9.149972113655804689e-05 9.859656060111750831e-06
3.477324700000000046e+00 9.057991225571084698e-05 9.678432600879339676e-06
3.494711300000000076e+00 8.966877265250523203e-05 9.500601828411090076e-06
3.512184899999999832e+00 8.876679315861929227e-05 9.325959315235000035e-06
3.529745800000000155e+00 8.787332413777859273e-05 9.154799904873033969e-06
3.547394499999999784e+00 8.698884667526948745e-05 8.986754823958024120e-06
3.565131500000000120e+00 8.611299074748111719e-05 8.821788999608073497e-06
3.582957200000000064e+00 8.524567711852563858e-05 8.660030508816569632e-06
3.600871900000000014e+00 8.438683195903545113e-05 8.501119426575224066e-06
3.618876300000000157e+00 8.353636340188938547e-05 8.345345504360671986e-06
3.636970700000000001e+00 8.269419930864743110e-05 8.192352675091120492e-06
3.655155499999999780e+00 8.186052661334931456e-05 8.042269424081017117e-06
3.673431299999999844e+00 8.103499259193617209e-05 7.894903758085037741e-06
3.691798499999999983e+00 8.021752285748165684e-05 7.750383160178088944e-06
3.710257499999999986e+00 7.940804367230480925e-05 7.608518238394874439e-06
3.728808799999999923e+00 7.860673057582459459e-05 7.469279029163178200e-06
3.747452800000000028e+00 7.781325342572835511e-05 7.332636043419668707e-06
3.766190100000000207e+00 7.702778032313361645e-05 7.198404999459562390e-06
3.785020999999999969e+00 7.624999192744860742e-05 7.066867240478763149e-06
3.803946100000000108e+00 7.547981019728296139e-05 6.937685118056624251e-06
3.822965899999999806e+00 7.471740262149275530e-05 6.810984677964823776e-06
3.842080699999999904e+00 7.396269748934097702e-05 6.686586298010548651e-06
3.861291099999999865e+00 7.321514059403997341e-05 6.564463951818054036e-06
3.880597499999999922e+00 7.247537237427936058e-05 6.444592199048547126e-06
3.900000499999999981e+00 7.174284281002851912e-05 6.326945494656993911e-06
3.919500499999999832e+00 7.101748643835959168e-05 6.211647477047103627e-06
3.939097999999999988e+00 7.029946132982648464e-05 6.098375251423095534e-06
3.958793500000000076e+00 6.958846864471394944e-05 5.987106345581321535e-06
3.978587500000000166e+00 6.888488560762817919e-05 5.877964902626443797e-06
3.998480400000000046e+00 6.818797645402110421e-05 5.770926815879051277e-06
4.018472799999999623e+00 6.749833192483444336e-05 5.665822947406994617e-06
4.038565199999999855e+00 6.681544314359885923e-05 5.562631651696596132e-06
4.058758000000000088e+00 6.613924936682236903e-05 5.461475133012678005e-06
4.079051800000000227e+00 6.547010648644450786e-05 5.362044243271654639e-06
4.099447099999999899e+00 6.480731164454779213e-05 5.264462156621808261e-06
4.119944300000000226e+00 6.415143362916029201e-05 5.168708126562458885e-06
4.140544000000000224e+00 6.350198542017623153e-05 5.074761338682034566e-06
4.161246700000000409e+00 6.285910944489974642e-05 4.982601297052293586e-06
4.182052999999999798e+00 6.222273669029622400e-05 4.892068286213020819e-06
4.202963200000000121e+00 6.159280783610553449e-05 4.803283089629476972e-06
4.223978100000000069e+00 6.096905243722428643e-05 4.716087503520130455e-06
4.245097999999999594e+00 6.035161348855336641e-05 4.630464044772381795e-06
4.266323400000000099e+00 5.974042770862123339e-05 4.546395154629470203e-06
4.287655100000000274e+00 5.913523298521662506e-05 4.463998976199142999e-06
4.309093299999999793e+00 5.853636027587446494e-05 4.383121380749048665e-06
4.330638800000000010e+00 5.794335966376105128e-05 4.303610478702094461e-06
4.352292000000000272e+00 5.735636469457774369e-05 4.225719144758846688e-06
4.374053499999999595e+00 5.677531295869544858e-05 4.149162163405553534e-06
4.395923699999999990e+00 5.619996601065968360e-05 4.074057516777924518e-06
4.417903299999999867e+00 5.563062590512177967e-05 4.000256694058190614e-06
4.439992900000000020e+00 5.506687032986668564e-05 3.927876452507625825e-06
4.462192800000000403e+00 5.450882901165411112e-05 3.856900788379214294e-06
4.484503799999999707e+00 5.395643800174738957e-05 3.787053616079494473e-06
4.506926299999999941e+00 5.340964384661418975e-05 3.718710754278348910e-06
4.529460900000000123e+00 5.286838884340277144e-05 3.651468612052878322e-06
4.552108200000000160e+00 5.233261598800782759e-05 3.585571267070577838e-06
4.574868799999999958e+00 5.180226896247677135e-05 3.520748499726399659e-06
4.597743099999999750e+00 5.127713027457709308e-05 3.457242231933009862e-06
4.620731799999999723e+00 5.075747681283486359e-05 3.394784957360053004e-06
4.643835499999999783e+00 5.024292314857082165e-05 3.333616156665456924e-06
4.667054699999999556e+00 4.973374529342170408e-05 3.273471239503822441e-06
4.690389999999999837e+00 4.922956553310134560e-05 3.214463224100686695e-06
4.713841900000000251e+00 4.873065450045628279e-05 3.156579251383471928e-06
4.737411100000000097e+00 4.823663999508548200e-05 3.099683484694335312e-06
4.761098200000000169e+00 4.774778545297270448e-05 3.043887417406588284e-06
4.784903700000000093e+00 4.726373025588788244e-05 2.989056790848234525e-06
4.808828199999999775e+00 4.678473270442778167e-05 2.935302084230514956e-06
4.832872300000000010e+00 4.631043742986910302e-05 2.882490401241569294e-06
4.857036700000000096e+00 4.584109588853742300e-05 2.829651782392934761e-06
4.881321899999999658e+00 4.537636181359073947e-05 2.777864258764307324e-06
4.905728500000000381e+00 4.491633759166739783e-05 2.726996971937442727e-06
4.930257100000000392e+00 4.446083099476586263e-05 2.677157837035495565e-06
4.954908399999999880e+00 4.400994068488226190e-05 2.628099770874664109e-06
4.979682900000000245e+00 4.356362190518494552e-05 2.579580586716835013e-06
5.004581400000000180e+00 4.312168476616843335e-05 2.531944645725971095e-06
5.029604299999999917e+00 4.268409142951076540e-05 2.485182156317334973e-06
5.054752299999999643e+00 4.225093684338013879e-05 2.439398501419751261e-06
5.080026000000000153e+00 4.182204018844664647e-05 2.394467577237262106e-06
5.105426200000000136e+00 4.139749304867238220e-05 2.350379670214352409e-06
5.130953299999999828e+00 4.097725509214196693e-05 2.307125341577419211e-06
5.156608099999999695e+00 4.056114775103482280e-05 2.264695053786231914e-06
5.182391100000000250e+00 4.014926480929392299e-05 2.222967089371181360e-06
5.208303100000000185e+00 3.974143134896113860e-05 2.182157449097031182e-06
5.234344600000000014e+00 3.933773936917428325e-05 2.142032735435984209e-06
5.260516299999999923e+00 3.893801899711450860e-05 2.102696192304952990e-06
5.286818900000000099e+00 3.854235748813325058e-05 2.064138747454895564e-06
5.313252999999999560e+00 3.815071444348584333e-05 2.026241818077919879e-06
5.339819199999999988e+00 3.776304988087955526e-05 1.989107258888506229e-06
5.366518300000000075e+00 3.737919936939032301e-05 1.952617653941259149e-06
5.393350899999999726e+00 3.699936922689493789e-05 1.916765909176765096e-06
5.420317700000000016e+00 3.662315683672169494e-05 1.881759893155479904e-06
5.447419299999999964e+00 3.625088655558117906e-05 1.847268630328359525e-06
5.474656399999999756e+00 3.588228106859559614e-05 1.813499594080998256e-06
5.502029699999999579e+00 3.551753744022880085e-05 1.780338455241886325e-06
5.529539800000000227e+00 3.515627025886050447e-05 1.747778446610581131e-06
5.557187500000000391e+00 3.479878877944851039e-05 1.715812798308525393e-06
5.584973399999999977e+00 3.444494070048195852e-05 1.684539164495947220e-06
5.612898300000000340e+00 3.409457618728584712e-05 1.653741781367675389e-06
5.640962799999999611e+00 3.374777369302253872e-05 1.623209151740392378e-06
5.669167599999999752e+00 3.340449699479196055e-05 1.592939402584714278e-06
5.697513500000000342e+00 3.306460081710110871e-05 1.563339603335610452e-06
5.726001000000000118e+00 3.272816254025155138e-05 1.534198397576865723e-06
5.754630999999999830e+00 3.239503865195758809e-05 1.505612114837622979e-06
5.783404199999999662e+00 3.206519770952885530e-05 1.477675168925581041e-06
5.812321200000000410e+00 3.173871374804977186e-05 1.450179392154250732e-06
5.841382799999999875e+00 3.141544870390277884e-05 1.423219789517129798e-06
5.870589700000000022e+00 3.109547412164466776e-05 1.396790223825566715e-06
5.899942700000000428e+00 3.077865476294570782e-05 1.370884590228226971e-06
5.929442400000000113e+00 3.046496187345045190e-05 1.345398646373485654e-06
5.959089600000000431e+00 3.015446390940587461e-05 1.320425615755459104e-06
5.988884999999999792e+00 2.984712872608029903e-05 1.295959574745001749e-06
6.018829499999999832e+00 2.954282551283520972e-05 1.271897829904147439e-06
6.048923600000000178e+00 2.924152772104482792e-05 1.248332352733266487e-06
6.079168199999999800e+00 2.894330028054261237e-05 1.225161510913955821e-06
6.109564100000000053e+00 2.864801729888718045e-05 1.202476342394825638e-06
6.140111899999999956e+00 2.835574535180888017e-05 1.180271196008620325e-06
6.170812500000000256e+00 2.806645246399023377e-05 1.158351618738307202e-06
6.201666499999999971e+00 2.777992695416564993e-05 1.136902735487915480e-06
6.232674900000000129e+00 2.749641363179802857e-05 1.115918960609403719e-06
6.263838200000000356e+00 2.721561360787913027e-05 1.095301855411343737e-06
6.295157399999999903e+00 2.693776691678512297e-05 1.075047325604624736e-06
6.326633199999999846e+00 2.666257889875212948e-05 1.055151367119790104e-06
6.358266399999999763e+00 2.639019967536699647e-05 1.035701609014543665e-06
6.390057699999999841e+00 2.612060131439523293e-05 1.016601591914005181e-06
6.422007999999999939e+00 2.585358406560284966e-05 9.978473925761475433e-07
6.454118000000000244e+00 2.558937889760819946e-05 9.794351550445086581e-07
6.486388599999999727e+00 2.532770397352249449e-05 9.613610273904231018e-07
6.518820599999999743e+00 2.506870224551054297e-05 9.436212083417477408e-07
6.551414699999999591e+00 2.481234724496208572e-05 9.262119451791391516e-07
6.584171699999999738e+00 2.455844982276991133e-05 9.091295041456641395e-07
6.915365000000000428e+00 2.220415640678004746e-05 7.579127372012818330e-07
7.392525000000000013e+00 1.933589884980367691e-05 5.920574542858647769e-07
7.902608999999999995e+00 1.682362219040894029e-05 4.631114777885448790e-07
8.447889999999999233e+00 1.461564702564056284e-05 3.627284157300990833e-07
9.030794000000000210e+00 1.265975570624664620e-05 2.834370951205808039e-07
9.653919000000000139e+00 1.087014134822261548e-05 2.188983511441774039e-07
1.015976000000000035e+01 9.416783937036885593e-06 1.798138359803207101e-07
1.032004000000000055e+01 8.626717668026655342e-06 1.693221305851296792e-07
1.035673000000000066e+01 8.039315458833783877e-06 1.670349505973490125e-07
1.041893999999999920e+01 8.509416491250133068e-06 1.253808140311873354e-06
1.057443999999999917e+01 8.757657458378135488e-06 1.180559453808961098e-06
1.103212000000000081e+01 8.432842597565591225e-06 9.977315544097359890e-07
1.179334000000000060e+01 7.589686527033760494e-06 7.806574078738500842e-07
1.260707999999999984e+01 6.741095119036000920e-06 6.155420477505610087e-07
1.347696999999999967e+01 5.957409063064504387e-06 4.868157570841189760e-07
1.440687999999999924e+01 5.249165724289944711e-06 3.817697040313177676e-07
1.540094999999999992e+01 4.614871695905750103e-06 2.988920077245504209e-07
1.646361999999999881e+01 4.051229936228391026e-06 2.336565496027301868e-07
1.759960999999999842e+01 3.552660805678889183e-06 1.824816764632718013e-07
1.881398000000000081e+01 3.113071864472994952e-06 1.424631937324179101e-07
2.011214999999999975e+01 2.726390588052381377e-06 1.112383889482471751e-07
2.149988000000000099e+01 2.389574307701251836e-06 8.671036816085001985e-08
2.298338000000000036e+01 2.091165065257970868e-06 6.749320835150977370e-08
2.456923000000000101e+01 1.829603533080578274e-06 5.254838824649445550e-08
2.626450000000000173e+01 1.600554453854804927e-06 4.092612709636609414e-08
2.807676000000000016e+01 1.399999956999903537e-06 3.173672300655069071e-08
3.001405000000000101e+01 1.224404980413738687e-06 2.457620435381092957e-08
3.208502000000000010e+01 1.070754609803854139e-06 1.904296527432127742e-08
3.429889000000000010e+01 9.363553591009810457e-07 1.476581288289057595e-08
3.666550999999999760e+01 8.188203879490944322e-07 1.145858261604126996e-08
3.919543000000000177e+01 7.160406917886395712e-07 8.900500574646273377e-09
4.189992000000000161e+01 6.261776386488765981e-07 6.920612022861064351e-09
4.479100999999999999e+01 5.476099290698670612e-07 5.387601103355024946e-09
4.788159000000000276e+01 4.789107063870522992e-07 4.178160474367694579e-09
5.118542000000000058e+01 4.188352129534395615e-07 3.244772222860476294e-09
5.471721000000000146e+01 3.663050307179587049e-07 2.524974080125936797e-09
5.849269999999999925e+01 3.203732670246244607e-07 1.969226473027873564e-09
6.252870000000000061e+01 2.802098877368337022e-07 1.539633782884478753e-09
6.684318000000000382e+01 2.450909754778075494e-07 1.207490092969339470e-09
7.145535999999999888e+01 2.143803767288543864e-07 9.500424403541704811e-10
7.638577999999999690e+01 1.875251015742977374e-07 7.503337631837004412e-10
8.165640000000000498e+01 1.640397379743866313e-07 5.945693910719345848e-10
8.729068999999999789e+01 1.434984057228711444e-07 4.724700347895483713e-10
9.331373999999999569e+01 1.255325252702717367e-07 3.774890502765203922e-10
9.975239000000000544e+01 1.098187516627517137e-07 3.034114179496931177e-10
1.066353000000000009e+02 9.607445778269935957e-08 2.454359793620268330e-10
1.139930999999999983e+02 8.405225504314124327e-08 1.998996273288197260e-10
1.218586999999999989e+02 7.353595650272633953e-08 1.639943954565307297e-10
1.302668999999999926e+02 6.433678734246883803e-08 1.355404710739617584e-10
1.392553000000000054e+02 5.628946698750756961e-08 1.128790884296642923e-10
1.488640000000000043e+02 4.924943935685765822e-08 9.472661769714322957e-11
1.591356000000000108e+02 4.309050762876910387e-08 8.009814755033822493e-11
1.701159000000000106e+02 3.770253198511674427e-08 6.822014406522465547e-11
1.818539000000000101e+02 3.298855658096528311e-08 5.851873924397463172e-11
1.944018000000000086e+02 2.886435128796224311e-08 5.052861131002939878e-11
2.078155999999999892e+02 2.525597167566949199e-08 4.389513779312303632e-11
2.221547999999999945e+02 2.209892630084255580e-08 3.834802288333903924e-11
2.374834999999999923e+02 1.933668821259646146e-08 3.367014581549795768e-11
2.538699000000000012e+02 1.691987501513447550e-08 2.969795491578951787e-11
2.713869000000000256e+02 1.480523177859359178e-08 2.629789047706644278e-11
2.901125999999999863e+02 1.295491547942069967e-08 2.336561666858026707e-11
3.101304000000000087e+02 1.133595420332565817e-08 2.082252246690505728e-11
3.315294000000000096e+02 9.919346481184862724e-09 1.860350131758202521e-11
3.544048999999999978e+02 8.679795917426025458e-09 1.665486547803950455e-11
3.788587999999999738e+02 7.595192494921944508e-09 1.493609049997930505e-11
4.050000999999999749e+02 6.646136816508425827e-09 1.341353000426684246e-11
4.329451000000000249e+02 5.815709110993934781e-09 1.205973898007112473e-11
