1.004374899999999959e+00 6.481341213479846920e-04 9.105747662164821483e-05
1.009396799999999983e+00 6.398855373524144942e-04 8.942858171725947083e-05
1.014443800000000007e+00 6.315535613557659916e-04 8.783435009527316517e-05
1.019516000000000089e+00 6.231834900257506894e-04 8.626922492681104657e-05
1.024613599999999902e+00 6.148013887043497381e-04 8.472774719610950012e-05
1.029736699999999949e+00 6.064066353572288319e-04 8.321987208761986901e-05
1.034885300000000008e+00 5.980044630680596621e-04 8.174013720498706371e-05
1.040059800000000090e+00 5.895966607236319051e-04 8.028315302988363626e-05
1.045260099999999914e+00 5.811827608481517004e-04 7.885372198355269414e-05
1.050486400000000042e+00 5.727564949151442431e-04 7.745152544596022135e-05
1.055738800000000088e+00 5.643147141045378769e-04 7.607625534519914896e-05
1.061017499999999947e+00 5.558570262631491949e-04 7.472759920085906052e-05
1.066322599999999898e+00 5.473724947352634615e-04 7.340032946715221811e-05
1.071654200000000001e+00 5.388559515847537876e-04 7.209912059646440309e-05
1.077012499999999928e+00 5.303023783102098383e-04 7.082366845399580568e-05
1.082397499999999901e+00 5.216994082649814264e-04 6.956883284820989408e-05
1.087809500000000096e+00 5.130426405846091322e-04 6.833438115730828459e-05
1.093248599999999904e+00 5.043153713993281471e-04 6.712489987942903244e-05
1.098714799999999991e+00 4.955092704490110479e-04 6.594010766868280279e-05
1.104208400000000090e+00 4.866036623721844479e-04 6.477495128160067896e-05
1.109729399999999977e+00 4.775889167607958938e-04 6.362922540846685873e-05
1.115278100000000050e+00 4.684384942535155597e-04 6.250741812946519109e-05
1.120854500000000087e+00 4.591321013291674497e-04 6.140457181050513818e-05
1.126458699999999924e+00 4.496406842117404447e-04 6.032048086284011842e-05
1.132090999999999958e+00 4.399291873425465143e-04 5.925493091331989870e-05
1.137751500000000027e+00 4.299595477597206597e-04 5.821233643824423880e-05
1.143440199999999907e+00 4.196791596391698893e-04 5.718784062721638217e-05
1.149157399999999996e+00 4.090282551916526684e-04 5.618123545329591501e-05
1.154903199999999908e+00 3.979247146616289414e-04 5.519232496277770480e-05
1.160677699999999923e+00 3.862650897122585662e-04 5.422543962003464050e-05
1.166481099999999937e+00 3.739167384936055850e-04 5.327130994385102623e-05
1.172313500000000008e+00 3.606885207757082692e-04 5.233429250667798150e-05
1.178175100000000031e+00 3.463139844437400166e-04 5.141865125767378086e-05
1.184066000000000063e+00 3.303946603920703147e-04 5.051526132291376804e-05
1.189986299999999941e+00 3.122908032652143336e-04 4.962841669226699483e-05
1.195936200000000005e+00 2.908763327163538964e-04 4.876232032065355861e-05
1.201915899999999926e+00 2.638728922594390874e-04 4.790798094758223758e-05
1.207925499999999985e+00 2.253309713263557861e-04 4.706963113440080371e-05
1.213965100000000019e+00 1.461845207046169246e-04 4.624709155360950789e-05
1.216598499999999916e+00 -6.438441703601269629e-05 4.589229358630212015e-05
1.216801400000000033e+00 -6.778650560980232153e-05 2.450518656330674325e-04
1.220034999999999981e+00 1.509678193337281218e-04 2.427106380017788614e-04
1.226135100000000033e+00 2.091117894148482119e-04 2.383635064304474177e-04
1.232265799999999967e+00 2.298630639540937752e-04 2.340962225243467846e-04
1.238427100000000003e+00 2.346098063338660129e-04 2.299036760214872134e-04
1.244619300000000095e+00 2.170306477213999538e-04 2.257892314516298914e-04
1.247695100000000057e+00 1.218389623312050201e-04 2.237804287357278573e-04
1.247904899999999984e+00 1.207096037821327292e-04 3.170882176506106256e-04
1.250842400000000021e+00 2.261196860169266366e-04 3.144037829550354324e-04
1.257096599999999897e+00 2.681417667372872201e-04 3.087871535142328299e-04
1.263382100000000063e+00 2.902215548598797339e-04 3.032643486109127900e-04
1.269698999999999911e+00 3.055541930613835393e-04 2.978467687246513112e-04
1.276047500000000001e+00 3.171644887702917514e-04 2.925249737889164259e-04
1.282427699999999948e+00 3.263165364955123468e-04 2.872979122855509734e-04
1.288839899999999927e+00 3.336804803407917089e-04 2.821644973372308099e-04
1.295284000000000102e+00 3.396693548670940061e-04 2.771196854335229698e-04
1.301760500000000098e+00 3.445548327959782912e-04 2.721704959307768234e-04
1.308269300000000079e+00 3.485260091427231353e-04 2.673078681430644831e-04
1.314810599999999940e+00 3.517279880007678707e-04 2.625348293512387576e-04
1.321384700000000079e+00 3.542639846662303405e-04 2.578423936904431358e-04
1.327991600000000050e+00 3.562164590184472407e-04 2.532376212740455163e-04
1.334631600000000029e+00 3.576460298520989668e-04 2.487155587420544615e-04
1.341304700000000016e+00 3.586029438585798014e-04 2.442753125315918214e-04
1.348011199999999965e+00 3.591205253911565151e-04 2.399120452782080521e-04
1.354751299999999992e+00 3.592228093844240366e-04 2.356287783139036571e-04
1.361525000000000096e+00 3.589217462406894149e-04 2.314207833128012633e-04
1.368332700000000068e+00 3.582125949540870867e-04 2.272910241000988048e-04
1.375174300000000072e+00 3.570735993952151173e-04 2.232310232248652863e-04
1.382050199999999895e+00 3.554472151134251742e-04 2.192475801105669205e-04
1.388960500000000042e+00 3.532139309056717288e-04 2.153360562482949212e-04
1.395905299999999905e+00 3.501156244408767915e-04 2.114918952483294467e-04
1.402884800000000043e+00 3.454780740517796023e-04 2.077180943062919888e-04
1.409899199999999908e+00 3.364656944221176122e-04 2.040101332113191659e-04
1.413007300000000077e+00 3.252332898911978738e-04 2.023943120443409693e-04
1.415592600000000090e+00 3.246658667508749260e-04 2.293674247109319113e-04
1.416948700000000061e+00 3.310531287718768319e-04 2.286067646119119658e-04
1.424033499999999952e+00 3.421445316979418146e-04 2.246886449529111331e-04
1.431153600000000026e+00 3.462394850885086714e-04 2.208405691818095739e-04
1.438309400000000071e+00 3.484163699390747547e-04 2.170580686289287739e-04
1.445500900000000088e+00 3.496321407296247336e-04 2.133404496775227440e-04
1.452728400000000031e+00 3.502445048758709174e-04 2.096905947107815496e-04
1.459992100000000015e+00 3.504348590353943043e-04 2.061005447509329700e-04
1.467292000000000041e+00 3.503057726942595705e-04 2.025768359047980369e-04
1.474628499999999898e+00 3.499222202709367595e-04 1.991115654781021131e-04
1.482001600000000030e+00 3.493303460419948272e-04 1.957076660882289950e-04
1.489411700000000005e+00 3.485648237902400624e-04 1.923573733292816479e-04
1.496858699999999986e+00 3.476457249609278739e-04 1.890636607313818818e-04
1.504342999999999986e+00 3.465948856470582227e-04 1.858293721162843049e-04
1.511864700000000061e+00 3.454268469292955438e-04 1.826503785122279844e-04
1.519424000000000108e+00 3.441556060431922616e-04 1.795226133669784849e-04
1.527021200000000078e+00 3.427933252549011738e-04 1.764523908292385849e-04
1.534656299999999973e+00 3.413480045004166938e-04 1.734356616137411918e-04
1.542329499999999909e+00 3.398298520066612288e-04 1.704684264257039195e-04
1.550041199999999897e+00 3.382435697386294913e-04 1.675535140024197556e-04
1.557791399999999937e+00 3.365963989756812018e-04 1.646903634087019995e-04
1.565580399999999983e+00 3.348952085035669895e-04 1.618750315568955424e-04
1.573408300000000093e+00 3.331454894742728228e-04 1.591103443318571213e-04
1.581275299999999939e+00 3.313500750734712607e-04 1.563890913014801258e-04
1.589181699999999919e+00 3.295128816694485618e-04 1.537107992657337743e-04
1.597127600000000092e+00 3.276365905980000489e-04 1.510750189594170436e-04
1.605113199999999907e+00 3.257249458025196910e-04 1.484845670805165203e-04
1.613138799999999984e+00 3.237803607550976902e-04 1.459389345698709794e-04
1.621204499999999937e+00 3.218075732167415600e-04 1.434408748632613122e-04
1.629310500000000106e+00 3.198076793899836388e-04 1.409769551406016069e-04
1.637457099999999999e+00 3.177828493243773896e-04 1.385564468995551966e-04
1.645644300000000060e+00 3.157353032295931125e-04 1.361756932092899816e-04
1.653872599999999915e+00 3.136670028646989334e-04 1.338374140377362922e-04
1.662141899999999950e+00 3.115811776313900765e-04 1.315380002630622228e-04
1.670452599999999954e+00 3.094796699473273058e-04 1.292801570236171540e-04
1.678804900000000044e+00 3.073632590998852691e-04 1.270602905207751817e-04
1.687198900000000057e+00 3.052338131367674152e-04 1.248779935542993977e-04
1.695634899999999945e+00 3.030941266690922163e-04 1.227328474664385132e-04
1.704113100000000047e+00 3.009448369735911121e-04 1.206275268486592855e-04
1.712633700000000037e+00 2.987876050240878610e-04 1.185554489515814697e-04
1.721196799999999971e+00 2.966230447688313651e-04 1.165193177252844641e-04
1.729802800000000085e+00 2.944526705793287791e-04 1.145217590249368800e-04
1.738451799999999992e+00 2.922790550612750903e-04 1.125562994178804746e-04
1.747144100000000089e+00 2.901016211961723748e-04 1.106225883218329406e-04
1.755879799999999991e+00 2.879218622129772948e-04 1.087262731216389683e-04
1.764659200000000094e+00 2.857401781495912552e-04 1.068579917999676169e-04
1.773482500000000073e+00 2.835589274230942113e-04 1.050263382607888253e-04
1.782349900000000043e+00 2.813784665448770470e-04 1.032220525247374844e-04
1.791261699999999957e+00 2.791991124558312626e-04 1.014536402176271823e-04
1.800218000000000096e+00 2.770212369742324084e-04 9.971194184759231633e-05
1.809219099999999969e+00 2.748479298258413696e-04 9.800247861339257184e-05
1.818265199999999915e+00 2.726775923768243832e-04 9.631911077097715906e-05
1.827356500000000050e+00 2.705123372480295121e-04 9.466731281447437660e-05
1.836493300000000106e+00 2.683532661925821746e-04 9.304386293981424755e-05
1.845675699999999919e+00 2.661988189845814748e-04 9.144276426957108784e-05
1.854904099999999945e+00 2.640474139713570325e-04 8.986378356882622790e-05
1.864178600000000019e+00 2.619011224830222447e-04 8.831233901100195998e-05
1.873499500000000095e+00 2.597610152578264239e-04 8.678812228343567954e-05
1.882867000000000068e+00 2.576264349048233118e-04 8.529083264746263452e-05
1.892281399999999891e+00 2.554984248238749704e-04 8.381739212483072128e-05
1.901742800000000067e+00 2.533772021691924623e-04 8.237307441276802669e-05
1.911251500000000103e+00 2.512637575393311738e-04 8.094929726120943594e-05
1.920807699999999896e+00 2.491582458810267229e-04 7.955405509601388297e-05
1.930411799999999900e+00 2.470615826127430686e-04 7.817884916934678726e-05
1.940063799999999894e+00 2.449731331741534547e-04 7.683160494172178027e-05
1.949764199999999947e+00 2.428937642438002364e-04 7.550390632457409121e-05
1.959513000000000060e+00 2.408244331237706511e-04 7.420092179386133537e-05
1.969310499999999964e+00 2.387644172379509014e-04 7.291970242971852810e-05
1.979157099999999891e+00 2.367145524949624158e-04 7.166265867583715920e-05
1.989052899999999902e+00 2.346749444696299015e-04 7.042424028373683864e-05
1.998998100000000111e+00 2.326449094144450664e-04 6.920950965233097917e-05
2.008993100000000087e+00 2.306267597917857452e-04 6.801557688607199866e-05
2.019038099999999947e+00 2.286190307501248054e-04 6.683961366969713171e-05
2.029133299999999807e+00 2.266217921786127846e-04 6.568661004525155910e-05
2.039279000000000064e+00 2.246365519079961744e-04 6.455372533865577308e-05
2.049475399999999947e+00 2.226626065220313738e-04 6.343817577654610798e-05
2.059722700000000017e+00 2.207007133915725927e-04 6.234487981401553105e-05
2.070021300000000064e+00 2.187501365016084694e-04 6.126850156592897757e-05
2.080371400000000204e+00 2.168109128670199645e-04 6.020886362477269208e-05
2.090773299999999946e+00 2.148844483605079662e-04 5.917081103397122820e-05
2.101227199999999851e+00 2.129700452418654998e-04 5.814909561371171983e-05
2.111733300000000035e+00 2.110677137053130873e-04 5.714603179204031860e-05
2.122291999999999845e+00 2.091774224828517965e-04 5.615893138613959994e-05
2.132903400000000005e+00 2.072998675836300818e-04 5.519009006690826888e-05
2.143568000000000140e+00 2.054349765887703266e-04 5.423684541975860038e-05
2.154285799999999806e+00 2.035821176935939149e-04 5.330147430061809167e-05
2.165057200000000126e+00 2.017425540439226998e-04 5.238134480654652720e-05
2.175882500000000164e+00 1.999149454034233908e-04 5.147870515192109786e-05
2.186761900000000036e+00 1.981005655114331907e-04 5.058855439225611923e-05
2.197695700000000141e+00 1.962993580334280585e-04 4.971554542734046660e-05
2.208684199999999986e+00 1.945106429055833770e-04 4.885948155286183689e-05
2.219727600000000134e+00 1.927343995887831113e-04 4.801543809154040071e-05
2.230826299999999929e+00 1.909717945628927062e-04 4.718799882321130846e-05
2.241980400000000095e+00 1.892215758455433104e-04 4.637229129889077313e-05
2.253190299999999979e+00 1.874848850338129693e-04 4.557285507603932903e-05
2.264456200000000141e+00 1.857610695297280841e-04 4.478718439249823548e-05
2.275778499999999926e+00 1.840500547286226497e-04 4.401281735913389876e-05
2.287157399999999896e+00 1.823517987762319559e-04 4.324963960821458963e-05
2.298593200000000003e+00 1.806668189434508759e-04 4.249982061038152744e-05
2.310086200000000201e+00 1.789944693539906784e-04 4.176321195602522714e-05
2.321636600000000161e+00 1.773352712235609803e-04 4.104193050185117792e-05
2.333244800000000119e+00 1.756885745997709646e-04 4.032904229576512258e-05
2.344911000000000190e+00 1.740548891516260086e-04 3.963119107412311766e-05
2.356635600000000164e+00 1.724346723918197225e-04 3.894596989543759846e-05
2.368418699999999877e+00 1.708267773383414622e-04 3.827102280780400563e-05
2.380260799999999843e+00 1.692321900828019649e-04 3.760844551664540197e-05
2.392162100000000180e+00 1.676497710550542170e-04 3.695810025179667896e-05
2.404122999999999788e+00 1.660810269370131646e-04 3.631766283305791563e-05
2.416143599999999836e+00 1.645248374903914479e-04 3.568703203351010727e-05
2.428224300000000113e+00 1.629816308320405796e-04 3.506826579010247568e-05
2.440365400000000129e+00 1.619999873146535548e-04 3.445477314586194021e-05
2.452567199999999836e+00 1.604755166054220260e-04 3.384865833930686879e-05
2.464830099999999913e+00 1.589633337975355132e-04 3.325411262059592437e-05
2.477154200000000195e+00 1.574628955663779782e-04 3.266888673292461570e-05
2.489539999999999864e+00 1.559741177729910338e-04 3.209498855033725246e-05
2.501987699999999926e+00 1.547623165239585665e-04 3.152809163241669519e-05
2.514497599999999888e+00 1.532945568457261590e-04 3.097021880500579443e-05
2.527070099999999986e+00 1.518387754398829921e-04 3.042335066866911722e-05
2.539705500000000171e+00 1.503944280074367133e-04 2.988529279921040702e-05
2.552404000000000117e+00 1.489619348457777196e-04 2.935595183232394309e-05
2.565166000000000057e+00 1.475407492141817564e-04 2.883728025479099469e-05
2.577991899999999781e+00 1.461317169310549693e-04 2.832711635680506908e-05
2.590881800000000013e+00 1.447343218623454379e-04 2.782537046230759855e-05
2.603836199999999934e+00 1.433484697133286000e-04 2.733194930411108172e-05
2.616855399999999943e+00 1.419745336521020069e-04 2.684876959278395455e-05
2.629939699999999991e+00 1.406119896427500589e-04 2.637571193815586978e-05
2.643089400000000033e+00 1.392612025588263545e-04 2.590868400023186785e-05
2.656304800000000021e+00 1.379220889741774572e-04 2.544960498159486658e-05
2.669586300000000190e+00 1.365941287567956717e-04 2.500035427381785350e-05
2.682934299999999883e+00 1.352780877391939363e-04 2.455885795379201972e-05
2.696348899999999826e+00 1.339738918095531930e-04 2.412503263071473682e-05
2.709830699999999926e+00 1.326805887462461015e-04 2.369879112161387642e-05
2.723379800000000017e+00 1.313989506650089991e-04 2.328005149589903062e-05
2.736996700000000171e+00 1.301288658105731097e-04 2.286872905409613468e-05
2.750681699999999896e+00 1.288698408150833728e-04 2.246474160799079401e-05
2.764435100000000034e+00 1.276221951028560771e-04 2.206800768558900481e-05
2.778257299999999930e+00 1.263858293991133711e-04 2.167844574532558683e-05
2.792148599999999981e+00 1.251606545233653579e-04 2.129597578395613401e-05
2.806109300000000140e+00 1.239465818750587651e-04 2.092051849574028957e-05
2.820139900000000033e+00 1.227435060187239931e-04 2.055199380971853361e-05
2.834240600000000221e+00 1.217081477506780737e-04 2.018847160693288190e-05
2.848411800000000049e+00 1.205263829115373481e-04 1.982990164927956410e-05
2.862653900000000196e+00 1.193553409505231295e-04 1.947806877236813632e-05
2.876967099999999888e+00 1.181953131402360880e-04 1.913289760436882907e-05
2.891351999999999922e+00 1.170461798832962642e-04 1.879431077568472069e-05
2.905808700000000133e+00 1.159075033207270292e-04 1.846042756417928208e-05
2.920337799999999984e+00 1.147798905784851642e-04 1.813299739099905750e-05
2.934939400000000198e+00 1.136629014776468951e-04 1.781230593072565633e-05
2.949614099999999794e+00 1.125567710708113786e-04 1.749667072319937918e-05
2.964362200000000058e+00 1.114613989037512942e-04 1.718692412105051395e-05
2.979184000000000054e+00 1.103773709580164108e-04 1.688247101060116661e-05
2.994079900000000016e+00 1.093042214059890922e-04 1.658377926889054938e-05
3.009050300000000178e+00 1.082381394380348925e-04 1.628170739445289564e-05
3.024095599999999884e+00 1.071781238713679252e-04 1.597997280575332805e-05
3.039216099999999976e+00 1.061271718936260104e-04 1.568377534513226029e-05
3.054412199999999800e+00 1.050852194008960251e-04 1.539322458463803655e-05
3.069684200000000196e+00 1.040518866403332122e-04 1.510825665482015017e-05
3.085032599999999903e+00 1.030277523505627237e-04 1.482846680090247321e-05
3.100457800000000042e+00 1.020124276252809141e-04 1.455396631821937551e-05
3.115960100000000121e+00 1.010061699169888060e-04 1.428469557528106961e-05
3.131539899999999932e+00 1.000089076327962138e-04 1.402042729391755041e-05
3.147197600000000151e+00 9.902056977343421426e-05 1.376110495586579698e-05
3.162933600000000123e+00 9.804078180880977872e-05 1.350667256078777726e-05
3.178748199999999802e+00 9.707009124831440978e-05 1.325707503813800450e-05
3.194641999999999982e+00 9.610840744948456109e-05 1.301209216832768472e-05
3.210615199999999891e+00 9.515507463832926908e-05 1.277183633050853288e-05
3.226668300000000045e+00 9.421090405746358298e-05 1.253592758845767332e-05
3.242801599999999951e+00 9.327523777341112593e-05 1.230447963666136748e-05
3.259015600000000124e+00 9.234828935873177667e-05 1.207744146150332744e-05
3.275310699999999908e+00 9.142970024891140899e-05 1.185460256018340036e-05
3.291687299999999983e+00 9.051996617929041465e-05 1.163591562552211797e-05
3.308145699999999856e+00 8.961873250052792032e-05 1.142133412306659758e-05
3.324686400000000042e+00 8.872564542427373410e-05 1.121081123526900293e-05
3.341309900000000166e+00 8.784118058920271867e-05 1.100430059676378727e-05
3.358016399999999901e+00 8.696499890305623445e-05 1.080160085602341600e-05
3.374806500000000042e+00 8.609728599295162356e-05 1.060266848768360204e-05
3.391680500000000098e+00 8.523743976199767472e-05 1.040715164104318628e-05
3.408638900000000138e+00 8.438617892339664870e-05 1.021532068061529479e-05
3.425682099999999952e+00 8.354264110374990207e-05 1.002698056635088838e-05
3.442810500000000218e+00 8.270727909384098043e-05 9.842244774446239376e-06
3.460024600000000117e+00 8.188001272717101054e-05 9.660920240768495899e-06
3.477324700000000046e+00 8.106052055292777556e-05 9.483119924038560069e-06
3.494711300000000076e+00 8.024873145808126011e-05 9.308502719877363631e-06
3.512184899999999832e+00 7.944506843015891465e-05 9.137182488990438540e-06
3.529745800000000155e+00 7.864872363705219986e-05 8.969122173144266746e-06
3.547394499999999784e+00 7.786036070169911687e-05 8.804136477462353133e-06
3.565131500000000120e+00 7.707965761959465574e-05 8.642190717942957017e-06
3.582957200000000064e+00 7.630630720209968007e-05 8.483397353035230631e-06
3.600871900000000014e+00 7.554048578025750313e-05 8.327428907661437046e-06
3.618876300000000157e+00 7.478211176447167711e-05 8.174543602940706981e-06
3.636970700000000001e+00 7.403112121834983449e-05 8.024417496821326061e-06
3.655155499999999780e+00 7.328744655407321072e-05 7.877019839612580792e-06
3.673431299999999844e+00 7.255101288429331328e-05 7.732462698655023366e-06
3.691798499999999983e+00 7.182175416999808768e-05 7.590571498858727463e-06
3.710257499999999986e+00 7.109938393989722737e-05 7.451316330818480178e-06
3.728808799999999923e+00 7.038427773427678876e-05 7.314667350685529990e-06
3.747452800000000028e+00 6.967636481041159034e-05 7.180595184195726249e-06
3.766190100000000207e+00 6.897513879674256859e-05 7.049070339919240033e-06
3.785020999999999969e+00 6.828075937959688670e-05 6.919925411180934260e-06
3.803946100000000108e+00 6.759336733795442173e-05 6.793133515408842416e-06
3.822965899999999806e+00 6.691268322160606621e-05 6.668805584438727842e-06
3.842080699999999904e+00 6.623864969163677783e-05 6.546777014594772550e-06
3.861291099999999865e+00 6.557119951625681393e-05 6.426885653040090685e-06
3.880597499999999922e+00 6.491027306477628936e-05 6.309378642845428163e-06
3.900000499999999981e+00 6.425600463098228663e-05 6.193958972323504058e-06
3.919500499999999832e+00 6.360813185674911636e-05 6.080737548501972384e-06
3.939097999999999988e+00 6.296678978881624898e-05 5.969689331421216081e-06
3.958793500000000076e+00 6.233171808904632483e-05 5.860524185075929732e-06
3.978587500000000166e+00 6.170285709116185059e-05 5.753485493668150442e-06
3.998480400000000046e+00 6.108034111329615644e-05 5.648549022330278004e-06
4.018472799999999623e+00 6.046391452909347965e-05 5.545429084915660753e-06
4.038565199999999855e+00 5.985370613885901940e-05 5.444235694345600873e-06
4.058758000000000088e+00 5.924947149103564146e-05 5.344947192068438931e-06
4.079051800000000227e+00 5.865115109394098634e-05 5.247413096135969973e-06
4.099447099999999899e+00 5.805887008413332829e-05 5.151742043645958647e-06
4.119944300000000226e+00 5.747257053461229910e-05 5.057912946126924127e-06
4.140544000000000224e+00 5.689201206556016336e-05 4.965777816624941709e-06
4.161246700000000409e+00 5.631714057802002590e-05 4.875317720474376194e-06
4.182052999999999798e+00 5.574824776249783724e-05 4.786639359538332839e-06
4.202963200000000121e+00 5.518475892971124271e-05 4.699472582959581103e-06
4.223978100000000069e+00 5.462713050045276038e-05 4.613924834943893783e-06
4.245097999999999594e+00 5.407496807914167531e-05 4.530101796470659148e-06
4.266323400000000099e+00 5.352822035940493095e-05 4.447737320745946826e-06
4.287655100000000274e+00 5.298716010730099236e-05 4.366815011665084113e-06
4.309093299999999793e+00 5.245124325118093352e-05 4.287441119606602220e-06
4.330638800000000010e+00 5.192090442080870291e-05 4.209597727224125145e-06
4.352292000000000272e+00 5.139576612438003959e-05 4.133146813584377939e-06
4.374053499999999595e+00 5.087593654156729662e-05 4.058192857818793913e-06
4.395923699999999990e+00 5.036120784134294655e-05 3.984479863452407114e-06
4.417903299999999867e+00 4.985183971316257750e-05 3.912231975420886487e-06
4.439992900000000020e+00 4.934746508955878473e-05 3.841313971390487201e-06
4.462192800000000403e+00 4.884804207669897442e-05 3.771593395379300817e-06
4.484503799999999707e+00 4.835382072459272788e-05 3.703291170649008634e-06
4.506926299999999941e+00 4.786444926061203032e-05 3.636157904302133043e-06
4.529460900000000123e+00 4.738002896561414493e-05 3.570296669706382307e-06
4.552108200000000160e+00 4.690050894541148509e-05 3.505692979404849774e-06
4.574868799999999958e+00 4.642569355349519648e-05 3.442217682462198170e-06
4.597743099999999750e+00 4.595582927966651891e-05 3.379972646316590760e-06
4.620731799999999723e+00 4.549057556954622030e-05 3.318830033795614117e-06
4.643835499999999783e+00 4.503002914960523614e-05 3.258890663446403255e-06
4.667054699999999556e+00 4.457400418636581001e-05 3.199915692877857131e-06
4.690389999999999837e+00 4.412273383591962478e-05 3.142118695669363239e-06
4.713841900000000251e+00 4.367589492111596328e-05 3.085374707325097996e-06
4.737411100000000097e+00 4.323371424676664121e-05 3.029671831704731804e-06
4.761098200000000169e+00 4.279587335916233313e-05 2.974998349296547655e-06
4.784903700000000093e+00 4.236246549066638336e-05 2.921342708627468675e-06
4.808828199999999775e+00 4.193344562315632235e-05 2.868584186073092133e-06
4.832872300000000010e+00 4.150863899383853766e-05 2.816930344933371905e-06
4.857036700000000096e+00 4.108826172102244856e-05 2.766151938896293226e-06
4.881321899999999658e+00 4.067201279567639679e-05 2.716239442818733646e-06
4.905728500000000381e+00 4.026010584125672262e-05 2.667290413530161012e-06
4.930257100000000392e+00 3.985224419538233682e-05 2.619293839598325281e-06
4.954908399999999880e+00 3.944863577422067657e-05 2.572132764924983019e-06
4.979682900000000245e+00 3.904899151433946660e-05 2.525903479656412259e-06
5.004581400000000180e+00 3.865339231551810899e-05 2.480490222317285529e-06
5.029604299999999917e+00 3.826180063785760544e-05 2.435884039074064202e-06
5.054752299999999643e+00 3.787417470305056626e-05 2.392075906055282864e-06
5.080026000000000153e+00 3.749047473696222717e-05 2.349056930324505866e-06
5.105426200000000136e+00 3.711065848713608362e-05 2.306818208064930651e-06
5.130953299999999828e+00 3.673469002652383908e-05 2.265453455468440970e-06
5.156608099999999695e+00 3.636252802680516348e-05 2.224748707542675197e-06
5.182391100000000250e+00 3.599413590714513800e-05 2.184899641577295204e-06
5.208303100000000185e+00 3.562947329899427638e-05 2.145694490252320289e-06
5.234344600000000014e+00 3.526861548100669103e-05 2.107226722617136000e-06
5.260516299999999923e+00 3.491130115186058828e-05 2.069388117851808971e-06
5.286818900000000099e+00 3.455760481819314259e-05 2.031973181301953906e-06
5.313252999999999560e+00 3.420749057304015727e-05 1.994879316572132732e-06
5.339819199999999988e+00 3.386092287875824765e-05 1.958497686695324520e-06
5.366518300000000075e+00 3.351775842305422873e-05 1.922722250837038657e-06
5.393350899999999726e+00 3.317807024236904323e-05 1.887741194064423293e-06
5.420317700000000016e+00 3.284171918954783995e-05 1.853157496054184567e-06
5.447419299999999964e+00 3.250877689434196390e-05 1.819064021195666635e-06
5.474656399999999756e+00 3.217920851133760892e-05 1.785647639947868637e-06
5.502029699999999579e+00 3.185287910157401972e-05 1.752900542560870318e-06
5.529539800000000227e+00 3.152975876048646413e-05 1.720720044306938872e-06
5.557187500000000391e+00 3.120991411837174215e-05 1.689099863950312611e-06
5.584973399999999977e+00 3.089331296665743577e-05 1.658127874643357472e-06
5.612898300000000340e+00 3.057982466218633005e-05 1.627702938136865874e-06
5.640962799999999611e+00 3.026942059574827028e-05 1.597912111387629144e-06
5.669167599999999752e+00 2.996226067286307819e-05 1.568655345248067807e-06
5.697513500000000342e+00 2.965812165808190328e-05 1.539926653424107790e-06
5.726001000000000118e+00 2.935697689701180578e-05 1.511720185194977584e-06
5.754630999999999830e+00 2.905897961102218527e-05 1.484121298192967103e-06
5.783404199999999662e+00 2.876391429305336146e-05 1.456941214658195824e-06
5.812321200000000410e+00 2.847175414743511880e-05 1.430356290807714254e-06
5.841382799999999875e+00 2.818264899715970290e-05 1.404179643336117278e-06
5.870589700000000022e+00 2.789638976033615643e-05 1.378585899763072512e-06
5.899942700000000428e+00 2.761303601258286743e-05 1.353390079908043824e-06
5.929442400000000113e+00 2.733247295937167075e-05 1.328765147231946822e-06
5.959089600000000431e+00 2.705484471099218254e-05 1.304528003160712224e-06
5.988884999999999792e+00 2.677995048362689278e-05 1.280762223127447706e-06
6.018829499999999832e+00 2.650784677287826852e-05 1.257462374365632698e-06
6.048923600000000178e+00 2.623842426804389298e-05 1.234536335152283377e-06
6.079168199999999800e+00 2.597182070416951651e-05 1.212066458163607897e-06
6.109564100000000053e+00 2.570784243882068826e-05 1.190047473592420121e-06
6.140111899999999956e+00 2.544654643939899552e-05 1.168217597981733930e-06
6.170812500000000256e+00 2.518790430568498592e-05 1.146575467713234149e-06
6.201666499999999971e+00 2.493181132219235026e-05 1.125289154621622751e-06
6.232674900000000129e+00 2.467831960803525148e-05 1.104439032253830460e-06
6.263838200000000356e+00 2.442732735551197225e-05 1.083936233898601740e-06
6.295157399999999903e+00 2.417880893533311135e-05 1.063860372865988616e-06
6.326633199999999846e+00 2.393274134277686372e-05 1.044123465359258626e-06
6.358266399999999763e+00 2.368925154892622664e-05 1.024804405816374070e-06
6.390057699999999841e+00 2.344808899224241140e-05 1.005816118182853439e-06
6.422007999999999939e+00 2.320937967808500680e-05 9.872367332287846567e-07
6.454118000000000244e+00 2.297302631127200043e-05 9.688987019349922367e-07
6.486388599999999727e+00 2.273907795818112993e-05 9.510425645671814223e-07
6.518820599999999743e+00 2.250743859507254942e-05 9.334206760110664526e-07
6.551414699999999591e+00 2.227815776235228724e-05 9.161910893500357104e-07
6.584171699999999738e+00 2.205114134274722867e-05 8.992693768568889081e-07
6.915365000000000428e+00 1.994597733207633170e-05 7.492254356470847884e-07
7.392525000000000013e+00 1.738266189088715527e-05 5.848457097100999049e-07
7.902608999999999995e+00 1.514095804682290355e-05 4.571262581110472331e-07
8.447889999999999233e+00 1.317774546087436437e-05 3.577687906804806056e-07
9.030794000000000210e+00 1.145308380552727811e-05 2.793823878398006433e-07
9.653919000000000139e+00 9.922986714374062021e-06 2.156902708654122068e-07
1.032004000000000055e+01 8.529542131934136600e-06 1.667865366273042967e-07
1.088104000000000049e+01 7.368237184385132564e-06 1.361587642158410806e-07
1.103212000000000081e+01 6.879912269550460786e-06 1.291718159923672085e-07
1.104757999999999996e+01 6.797204356305166526e-06 1.284823904670616274e-07
1.109200000000000053e+01 6.322711377494873621e-06 1.265332094744969806e-07
1.115862000000000087e+01 6.672567865727138899e-06 9.431920917619716012e-07
1.132516000000000034e+01 6.850892968028761670e-06 8.877252537053165079e-07
1.179334000000000060e+01 6.601199707369160145e-06 7.548687142137647282e-07
1.260707999999999984e+01 5.938037096481852943e-06 5.902521984461320554e-07
1.347696999999999967e+01 5.271897876832099547e-06 4.654472351387553300e-07
1.440687999999999924e+01 4.657595964168603034e-06 3.682199833733740709e-07
1.540094999999999992e+01 4.103127232068367675e-06 2.888820780229414083e-07
1.646361999999999881e+01 3.606834357272384131e-06 2.261917181369039244e-07
1.759960999999999842e+01 3.166008798190012565e-06 1.768393269518779749e-07
1.881398000000000081e+01 2.776198872865983115e-06 1.381244977255297001e-07
2.011214999999999975e+01 2.432573683776810260e-06 1.078513299011191042e-07
2.149988000000000099e+01 2.130367640430774593e-06 8.423537667289144393e-08
2.298338000000000036e+01 1.867083905752301674e-06 6.570482948083060743e-08
2.456923000000000101e+01 1.633947172869412565e-06 5.117995991143062805e-08
2.626450000000000173e+01 1.429621929865573303e-06 3.988008265290066215e-08
2.807676000000000016e+01 1.250683955429965015e-06 3.093865554574084225e-08
3.001405000000000101e+01 1.093934408635704902e-06 2.397575451336319734e-08
3.208502000000000010e+01 9.567293177094610609e-07 1.858159499088683588e-08
3.429889000000000010e+01 8.366834152288507778e-07 1.440954177318350021e-08
3.666550999999999760e+01 7.316776805489370122e-07 1.118251194890214179e-08
3.919543000000000177e+01 6.398460610598556962e-07 8.685869785487470859e-09
4.189992000000000161e+01 5.595466080341887727e-07 6.752973916085508151e-09
4.479100999999999999e+01 4.893336945432389240e-07 5.256194524303643396e-09
4.788159000000000276e+01 4.279455569687737536e-07 4.096488201128730164e-09
5.118542000000000058e+01 3.742678701234433309e-07 3.180843878110241644e-09
5.471721000000000146e+01 3.273260260334815091e-07 2.473355497754695197e-09
5.849269999999999925e+01 2.862796189359290391e-07 1.927268156886751679e-09
6.252870000000000061e+01 2.503873185793364622e-07 1.505205380169316749e-09
6.684318000000000382e+01 2.190024750396973046e-07 1.178861744026885101e-09
7.145535999999999888e+01 1.915574802507759825e-07 9.260803202197075974e-10
7.638577999999999690e+01 1.675580681495601897e-07 7.301028182260814403e-10
8.165640000000000498e+01 1.465704298566228849e-07 5.773696057363590154e-10
8.729068999999999789e+01 1.282144024867504626e-07 4.577725513404802504e-10
9.331373999999999569e+01 1.121603718798556880e-07 3.648011945129470805e-10
9.975239000000000544e+01 9.811922612095334613e-08 2.923490206060869772e-10
1.066353000000000009e+02 8.583774141175185195e-08 2.357185142791122936e-10
1.139930999999999983e+02 7.509542516296007804e-08 1.913081798809227682e-10
1.218586999999999989e+02 6.569898677403027487e-08 1.563420399216144407e-10
1.302668999999999926e+02 5.747948208775412494e-08 1.286971521386114981e-10
1.392553000000000054e+02 5.028921960936763354e-08 1.067302739215265830e-10
1.488640000000000043e+02 4.399916847387106338e-08 8.918321560045174806e-11
1.591356000000000108e+02 3.849663240463804057e-08 7.508706947781020876e-11
1.701159000000000106e+02 3.368267879665945569e-08 6.368632524751330625e-11
1.818539000000000101e+02 2.947105072363331866e-08 5.440039338830271793e-11
1.944018000000000086e+02 2.578644584756011905e-08 4.678810459955423241e-11
2.078155999999999892e+02 2.256269720269918401e-08 4.049287464253057599e-11
2.221547999999999945e+02 1.974218521898390938e-08 3.525512333373762961e-11
2.374834999999999923e+02 1.727446009984989232e-08 3.085652926255102667e-11
2.538699000000000012e+02 1.511528673679258710e-08 2.713746875072230353e-11
2.713869000000000256e+02 1.322608208203759613e-08 2.396735190200301012e-11
2.901125999999999863e+02 1.157310834624911917e-08 2.124909487915900866e-11
3.101304000000000087e+02 1.012678202043274611e-08 1.889873681500840550e-11
3.315294000000000096e+02 8.861264422698111273e-09 1.685356122186841237e-11
3.544048999999999978e+02 7.753920835162866214e-09 1.506627976250817827e-11
3.788587999999999738e+02 6.784977352039754037e-09 1.349412504984970511e-11
4.050000999999999749e+02 5.937149375962868553e-09 1.210572272693345006e-11
4.329451000000000249e+02 5.195280624252303240e-09 1.087417893988053958e-11
