1.067676000000000069e+00 3.030482932076462151e-08 4.743780389834279888e-12
1.141345000000000054e+00 2.651739627249526599e-08 3.612065442938160974e-12
1.220097999999999905e+00 2.320327485795277760e-08 2.758500575354523974e-12
1.304284999999999917e+00 2.030334849896832394e-08 2.114098285714745389e-12
1.394281000000000104e+00 1.776620564902519605e-08 1.627135873084705007e-12
1.490485999999999978e+00 1.554596886970663498e-08 1.258697214157013095e-12
1.593328999999999995e+00 1.360346831510978880e-08 9.794221588321181080e-13
1.703268999999999922e+00 1.190355599539080338e-08 7.673353323537875787e-13
1.820794999999999941e+00 1.041627448043143978e-08 6.059087287497575037e-13
1.946430000000000105e+00 9.114732222264954089e-09 4.827537561743398182e-13
2.080732999999999944e+00 7.975907326252692650e-09 3.884192233707740612e-13
2.224304000000000059e+00 6.979363840465797317e-09 3.159405211285485227e-13
2.377781000000000144e+00 6.107334896128864788e-09 2.599945744283108121e-13
2.541847999999999885e+00 5.344260288823317545e-09 2.165886628002056995e-13
2.717235000000000067e+00 4.676576174793030742e-09 1.827139234900684326e-13
2.904723999999999862e+00 4.092308108166215817e-09 1.560984683571698731e-13
3.105150000000000077e+00 3.581034943258446074e-09 1.350206158541142280e-13
3.319405999999999857e+00 3.133636633840647589e-09 1.181838248375207493e-13
3.548445000000000071e+00 2.742135340980565259e-09 1.046041914125305443e-13
3.793287999999999993e+00 2.399545919724844235e-09 9.352888327539026838e-14
4.055024000000000406e+00 2.099780226775944813e-09 8.439700741386345536e-14
4.334820999999999813e+00 1.837443609609342416e-09 7.676713955125364173e-14
4.633924000000000376e+00 1.607898179280097019e-09 7.031441628660634946e-14
4.953663999999999845e+00 1.407015632939084944e-09 6.478350638884295965e-14
5.295467000000000368e+00 1.231242171513368009e-09 5.998100175657631517e-14
5.660854999999999748e+00 1.077416468944698670e-09 5.575624035484516840e-14
6.051453000000000415e+00 9.428190349946454528e-10 5.199764892789941306e-14
6.469003999999999976e+00 8.250358722593397046e-10 4.861584364323907164e-14
6.915365000000000428e+00 7.219671813402463052e-10 4.554358322496724512e-14
7.392525000000000013e+00 6.317681456991647856e-10 4.272461791904405995e-14
7.902608999999999995e+00 5.528436669382987413e-10 4.012163501545215634e-14
8.447889999999999233e+00 4.837787943442247211e-10 3.770014427047562052e-14
9.030794000000000210e+00 4.233420971415277311e-10 3.543690828499974333e-14
9.653919000000000139e+00 3.704554831438429244e-10 3.331219310806136810e-14
1.032004000000000055e+01 3.241757820379936142e-10 3.131092136418079174e-14
1.103212000000000081e+01 2.836778156077086404e-10 2.942023499464298867e-14
1.179334000000000060e+01 2.482388151551047996e-10 2.763194918301727051e-14
1.260707999999999984e+01 2.172272533542007996e-10 2.593688248348262276e-14
1.347696999999999967e+01 1.900878953634157205e-10 2.433018558726027527e-14
1.440687999999999924e+01 1.663409233467987165e-10 2.280621548586721222e-14
1.540094999999999992e+01 1.455606424312260635e-10 2.135991543469069417e-14
1.646361999999999881e+01 1.273762087988767786e-10 1.998873399765946169e-14
1.759960999999999842e+01 1.114635567843154215e-10 1.868867646112846754e-14
1.881398000000000081e+01 9.753884967877958447e-11 1.745824130327573547e-14
2.011214999999999975e+01 8.535362818253613827e-11 1.629316752541099269e-14
2.149988000000000099e+01 7.469076603143920176e-11 1.519155264149959384e-14
2.298338000000000036e+01 6.535987158750540896e-11 1.415095566423182055e-14
2.456923000000000101e+01 5.719471413480667682e-11 1.316930115804640828e-14
2.626450000000000173e+01 5.004961147224170210e-11 1.224409190722355216e-14
2.807676000000000016e+01 4.379706483058275297e-11 1.137373635893225701e-14
3.001405000000000101e+01 3.832567231934096050e-11 1.055509694286224812e-14
3.208502000000000010e+01 3.353778349575021551e-11 9.786767290567735272e-15
3.429889000000000010e+01 2.934802326681534295e-11 9.066180177227471927e-15
3.666550999999999760e+01 2.568168560680679099e-11 8.391308580069286178e-15
3.919543000000000177e+01 2.247336569570620756e-11 7.760094085559536966e-15
4.189992000000000161e+01 1.966584437001976630e-11 7.170474033949593841e-15
4.479100999999999999e+01 1.720906497857229764e-11 6.620398253980941175e-15
4.788159000000000276e+01 1.505919851634667242e-11 6.107662561846953592e-15
5.118542000000000058e+01 1.317790714393088245e-11 5.630306897651181190e-15
5.471721000000000146e+01 1.153164052762593234e-11 5.186712894182352472e-15
5.849269999999999925e+01 1.009103350389951487e-11 4.774524660870985344e-15
6.252870000000000061e+01 8.830396128035148822e-12 4.392087945164958228e-15
6.684318000000000382e+01 7.727246736018153947e-12 4.037893462873044821e-15
7.145535999999999888e+01 6.761909629900491789e-12 3.709852511260862087e-15
7.638577999999999690e+01 5.917168683191924593e-12 3.406471168795729378e-15
8.165640000000000498e+01 5.177958043874725107e-12 3.126292089920067270e-15
8.729068999999999789e+01 4.531094632818341186e-12 2.867522127100451135e-15
9.331373999999999569e+01 3.965042009541447767e-12 2.628867158013961593e-15
9.975239000000000544e+01 3.469703512209411669e-12 2.409073786503174086e-15
1.066353000000000009e+02 3.036246276984390520e-12 2.206624328175747284e-15
1.139930999999999983e+02 2.656940671539175445e-12 2.020345868608774903e-15
1.218586999999999989e+02 2.325015775874723007e-12 1.849190729662582344e-15
1.302668999999999926e+02 2.034561532458009277e-12 1.691905267903740568e-15
1.392553000000000054e+02 1.780391527983240129e-12 1.547516257692128881e-15
1.488640000000000043e+02 1.557971886993542871e-12 1.415105476530712859e-15
1.591356000000000108e+02 1.363340366253721115e-12 1.293704973361773337e-15
1.701159000000000106e+02 1.193023974614102848e-12 1.182420968420470925e-15
1.818539000000000101e+02 1.043983769628218944e-12 1.080566972100284058e-15
1.944018000000000086e+02 9.135628313980689803e-13 9.873179552675114215e-16
2.078155999999999892e+02 7.994341467381301118e-13 9.020417146182820876e-16
2.221547999999999945e+02 6.995642103606710295e-13 8.240331220555581631e-16
2.374834999999999923e+02 6.121700859592866013e-13 7.527539035871815168e-16
2.538699000000000012e+02 5.356937279843088601e-13 6.876336850693288637e-16
2.713869000000000256e+02 4.687715271863713447e-13 6.281493433601064649e-16
2.901125999999999863e+02 4.102095841413275236e-13 5.738493200292398892e-16
3.101304000000000087e+02 3.589635130986013624e-13 5.242883009737895204e-16
3.315294000000000096e+02 3.141194947162186361e-13 4.790584780558096176e-16
3.544048999999999978e+02 2.748777263262084024e-13 4.377862894593634355e-16
3.788587999999999738e+02 2.405382941949036943e-13 4.001514854716707652e-16
4.050000999999999749e+02 2.104886702952062349e-13 3.658366657073646747e-16
4.329451000000000249e+02 1.841930876224090848e-13 3.345326412755588985e-16
