2.080732999999999944e+00 7.983959777075302411e-09 4.641208126806058293e-12
2.224304000000000059e+00 6.985259515225726773e-09 3.501784563538880948e-12
2.377781000000000144e+00 6.111578556824642948e-09 2.647741618345610574e-12
2.541847999999999885e+00 5.347306212563110620e-09 2.007436962380993065e-12
2.717235000000000067e+00 4.678657369232670580e-09 1.526991747219054667e-12
2.904723999999999862e+00 4.093699876357953460e-09 1.166188814067626635e-12
3.105150000000000077e+00 3.581912850123242641e-09 8.949598421228050402e-13
3.319405999999999857e+00 3.134138667434686443e-09 6.907153923177498716e-13
3.548445000000000071e+00 2.742382823452150962e-09 5.365783503853002430e-13
3.793287999999999993e+00 2.399606607765622773e-09 4.200575715501357108e-13
4.055024000000000406e+00 2.099696919163162496e-09 3.316724911083786351e-13
4.334820999999999813e+00 1.837288075617166670e-09 2.644097835950456832e-13
4.633924000000000376e+00 1.607681722056086230e-09 2.129968674018100164e-13
4.953663999999999845e+00 1.406777002844809010e-09 1.735227662472208753e-13
5.295467000000000368e+00 1.230984127784715417e-09 1.430354375214328646e-13
5.660854999999999748e+00 1.077163744765866181e-09 1.193379765875648172e-13
6.051453000000000415e+00 9.425696120748803093e-10 1.007883788491827706e-13
6.469003999999999976e+00 8.247928700549391310e-10 8.614014851736130875e-14
6.915365000000000428e+00 7.217364962503150642e-10 7.446744312780331428e-14
7.392525000000000013e+00 6.315599676298179825e-10 6.507258037792622977e-14
7.902608999999999995e+00 5.526504442751695119e-10 5.742956237114818023e-14
8.447889999999999233e+00 4.836024571625023511e-10 5.113921474620978969e-14
9.030794000000000210e+00 4.231814420571574806e-10 4.589772389228493557e-14
9.653919000000000139e+00 3.703111953643450749e-10 4.147846768071727189e-14
2.011214999999999975e+01 8.531483873029805434e-11 1.707455550960643920e-14
2.149988000000000099e+01 7.465682237885764313e-11 1.585950174457247400e-14
2.298338000000000036e+01 6.532984176980788308e-11 1.472729895688810889e-14
2.456923000000000101e+01 5.716843582677126422e-11 1.367118033269955356e-14
2.626450000000000173e+01 5.002661600618833088e-11 1.268566969310473343e-14
2.807676000000000016e+01 4.377672323715174923e-11 1.176457227378685634e-14
3.001405000000000101e+01 3.830787191999216448e-11 1.090297564911352102e-14
3.208502000000000010e+01 3.352220683646752894e-11 1.009745120299357154e-14
3.429889000000000010e+01 2.933439254613562668e-11 9.344747739100572205e-15
3.666550999999999760e+01 2.566962937305500797e-11 8.642223139525694687e-15
3.919543000000000177e+01 2.246281560354462653e-11 7.985176267825711596e-15
4.189992000000000161e+01 1.965661226507614929e-11 7.372634819379183797e-15
4.479100999999999999e+01 1.720098620550390472e-11 6.801505129432665874e-15
4.788159000000000276e+01 1.505212899527990086e-11 6.269274743842606297e-15
5.118542000000000058e+01 1.317172079264074655e-11 5.774208834992945827e-15
5.471721000000000146e+01 1.152622701404776857e-11 5.314234378778441369e-15
5.849269999999999925e+01 1.008629628140630808e-11 4.886776563384755160e-15
6.252870000000000061e+01 8.826206579077963517e-12 4.490785418847601801e-15
6.684318000000000382e+01 7.723580572231683390e-12 4.123590697840668685e-15
7.145535999999999888e+01 6.758701466752683259e-12 3.783710529746509023e-15
7.638577999999999690e+01 5.914361304278600803e-12 3.469667285869988080e-15
8.165640000000000498e+01 5.175501380729773773e-12 3.179597031715736554e-15
8.729068999999999789e+01 4.528944871639048317e-12 2.912141406232120041e-15
9.331373999999999569e+01 3.963160809946842731e-12 2.665789718465633123e-15
9.975239000000000544e+01 3.468057324142585833e-12 2.438942815591712370e-15
2.078155999999999892e+02 7.990548581482139984e-13 8.964651773462782561e-16
2.221547999999999945e+02 6.992323046946620067e-13 8.177717078997219956e-16
2.374834999999999923e+02 6.118796441140891307e-13 7.460545655033980089e-16
2.538699000000000012e+02 5.354395700658071076e-13 6.807056145180599962e-16
2.713869000000000256e+02 4.685491202598410530e-13 6.211683793704036921e-16
2.901125999999999863e+02 4.100149617132339295e-13 5.669334358844956932e-16
3.101304000000000087e+02 3.587932041803871017e-13 5.175986446616942564e-16
3.315294000000000096e+02 3.139704618775510708e-13 4.726864582073003220e-16
3.544048999999999978e+02 2.747473116001886778e-13 4.318231675221800624e-16
3.788587999999999738e+02 2.404241716861288112e-13 3.946512039758798615e-16
4.050000999999999749e+02 2.103888047199423193e-13 3.608352740330694486e-16
4.329451000000000249e+02 1.841056978896066178e-13 3.300854795373930629e-16
