1.004374899999999959e+00 4.921156284851793718e-07 8.814533695462321853e-08
1.009396799999999983e+00 4.870179947338370576e-07 8.658823897524717035e-08
1.014443800000000007e+00 4.819630345367383653e-07 8.505798548552952080e-08
1.019516000000000089e+00 4.769521843678179435e-07 8.355428264036356413e-08
1.024613599999999902e+00 4.719834384625740091e-07 8.208018045366103512e-08
1.029736699999999949e+00 4.670565776733703072e-07 8.063200784552934721e-08
1.034885300000000008e+00 4.621730800532262445e-07 7.920948678103321947e-08
1.040059800000000090e+00 4.573324081720275009e-07 7.781231101739874372e-08
1.045260099999999914e+00 4.525328964163777987e-07 7.644021531617189619e-08
1.050486400000000042e+00 4.477742366503337973e-07 7.509291400970546418e-08
1.055738800000000088e+00 4.430577550763121700e-07 7.377013142718504302e-08
1.061017499999999947e+00 4.383831019464476801e-07 7.247158739704488026e-08
1.066322599999999898e+00 4.337484982180105383e-07 7.119701135506400800e-08
1.071654200000000001e+00 4.291552259911301420e-07 6.994613501886199087e-08
1.077012499999999928e+00 4.246014564807784598e-07 6.871549955862965089e-08
1.082397499999999901e+00 4.200870508549397261e-07 6.750806602666631698e-08
1.087809500000000096e+00 4.156145478301461055e-07 6.632356046978847820e-08
1.093248599999999904e+00 4.111793200631727511e-07 6.515858506831024066e-08
1.098714799999999991e+00 4.067841245584771693e-07 6.401605947422719590e-08
1.104208400000000090e+00 4.024271395384654444e-07 6.289260936196930327e-08
1.109729399999999977e+00 3.981082230677977566e-07 6.179112714851792119e-08
1.115278100000000050e+00 3.938284013075950880e-07 6.070827433227708031e-08
1.120854500000000087e+00 3.895847467182763516e-07 5.964385452581212753e-08
1.126458699999999924e+00 3.853798002022229120e-07 5.859766729922008234e-08
1.132090999999999958e+00 3.812118244967308345e-07 5.757253510740204669e-08
1.137751500000000027e+00 3.770806080694492050e-07 5.656519991485373501e-08
1.143440199999999907e+00 3.729846855802506527e-07 5.557847326570065491e-08
1.149157399999999996e+00 3.689263613818756360e-07 5.460613470866223636e-08
1.154903199999999908e+00 3.649015089107519630e-07 5.365100943557311547e-08
1.160677699999999923e+00 3.609138307502722349e-07 5.270699437634934617e-08
1.166481099999999937e+00 3.569592143622466059e-07 5.177986941084900231e-08
1.172313500000000008e+00 3.530387780023022928e-07 5.087237533035725324e-08
1.178175100000000031e+00 3.491522870427184234e-07 4.997845344804178461e-08
1.184066000000000063e+00 3.452983382737149460e-07 4.910086253336222062e-08
1.189986299999999941e+00 3.414780097523723453e-07 4.823942082287256419e-08
1.195936200000000005e+00 3.376898627408391866e-07 4.739394408929755785e-08
1.201915899999999926e+00 3.339348944791204723e-07 4.656424995332019249e-08
1.207925499999999985e+00 3.302105676362958440e-07 4.575016164412583193e-08
1.213965100000000019e+00 3.265191148050870853e-07 4.494867688632825851e-08
1.220034999999999981e+00 3.228567782093076439e-07 4.416246966569459769e-08
1.226135100000000033e+00 3.192270295533841504e-07 4.338857601378364418e-08
1.232265799999999967e+00 3.156261282239665338e-07 4.262964110157046027e-08
1.238427100000000003e+00 3.120551737791532783e-07 4.188549903119035155e-08
1.244619300000000095e+00 3.085139533385955913e-07 4.115321774480446574e-08
1.250842400000000021e+00 3.050013028370137680e-07 4.043541898052961991e-08
1.257096599999999897e+00 3.015170907738488190e-07 3.972920430018050591e-08
1.263382100000000063e+00 2.980611857295501333e-07 3.903444764164324433e-08
1.269698999999999911e+00 2.946324337720084564e-07 3.835373007028059390e-08
1.276047500000000001e+00 2.912317914858804718e-07 3.768688743519343057e-08
1.282427699999999948e+00 2.878560263159322997e-07 3.702840799849983529e-08
1.288839899999999927e+00 2.845081640990673936e-07 3.638353313641548676e-08
1.295284000000000102e+00 2.811851189468906846e-07 3.575211135896065208e-08
1.301760500000000098e+00 2.778867134367060438e-07 3.512870319965809097e-08
1.308269300000000079e+00 2.746130289710933841e-07 3.451848497009442733e-08
1.314810599999999940e+00 2.713630160166682298e-07 3.391869046367539882e-08
1.321384700000000079e+00 2.681375964241604624e-07 3.332920156723370001e-08
1.327991600000000050e+00 2.649338643540964771e-07 3.274990890912554041e-08
1.334631600000000029e+00 2.617527756456307792e-07 3.218069654092938604e-08
1.341304700000000016e+00 2.585934470608302519e-07 3.162145689828133453e-08
1.348011199999999965e+00 2.554549117688893419e-07 3.107462200520157368e-08
1.354751299999999992e+00 2.523362773518185652e-07 3.053497721006590906e-08
1.361525000000000096e+00 2.492376878887059633e-07 3.000497626291259001e-08
1.368332700000000068e+00 2.461572934772657989e-07 2.948701440607674595e-08
1.375174300000000072e+00 2.430953176481224590e-07 2.897596224697673715e-08
1.382050199999999895e+00 2.400508954781189699e-07 2.847422968134254043e-08
1.388960500000000042e+00 2.370224069345405631e-07 2.798171345808900335e-08
1.395905299999999905e+00 2.340100639050740859e-07 2.749585264632612399e-08
1.402884800000000043e+00 2.310114096635430630e-07 2.702147293472433513e-08
1.409899199999999908e+00 2.280266864084532964e-07 2.655600097792284064e-08
1.416948700000000061e+00 2.250544119652083702e-07 2.609691320932934411e-08
1.424033499999999952e+00 2.220931647634763382e-07 2.564655509964998026e-08
1.431153600000000026e+00 2.191416435206169623e-07 2.520243237957528127e-08
1.438309400000000071e+00 2.161993127573288852e-07 2.476925029577290559e-08
1.445500900000000088e+00 2.132641329240123591e-07 2.434213016795987598e-08
1.452728400000000031e+00 2.103340609703383543e-07 2.392100851873365629e-08
1.459992100000000015e+00 2.074079784967278074e-07 2.351052536051282167e-08
1.467292000000000041e+00 2.044840736222631925e-07 2.310493974863095380e-08
1.474628499999999898e+00 2.015597099629635570e-07 2.270722808792024247e-08
1.482001600000000030e+00 1.986332582784298533e-07 2.231660820478731253e-08
1.489411700000000005e+00 1.957015032310606203e-07 2.193299768526653308e-08
1.496858699999999986e+00 1.927622682428566365e-07 2.155586378020719668e-08
1.504342999999999986e+00 1.898118238306721344e-07 2.118558868100419577e-08
1.511864700000000061e+00 1.868459252169970267e-07 2.082186956182138707e-08
1.519424000000000108e+00 1.838619804290593935e-07 2.046440735987104780e-08
1.527021200000000078e+00 1.808538005589290651e-07 2.011335634754228736e-08
1.534656299999999973e+00 1.778162655446275910e-07 1.976842369708887660e-08
1.542329499999999909e+00 1.747429866529399206e-07 1.942954145286722259e-08
1.550041199999999897e+00 1.716263775765516322e-07 1.909663982165207444e-08
1.557791399999999937e+00 1.684564329927688455e-07 1.876943436541286579e-08
1.565580399999999983e+00 1.652235153388268756e-07 1.844808029913763934e-08
1.573408300000000093e+00 1.619128853601322125e-07 1.813251334385078948e-08
1.581275299999999939e+00 1.585083482408867179e-07 1.782245156013440830e-08
1.589181699999999919e+00 1.549889307748507813e-07 1.751761682003636787e-08
1.597127600000000092e+00 1.513258159800218897e-07 1.721838272847399219e-08
1.605113199999999907e+00 1.474847020439142687e-07 1.692425847978810102e-08
1.613138799999999984e+00 1.434135230342097084e-07 1.663518680930994068e-08
1.621204499999999937e+00 1.390434195176375250e-07 1.635132475259239935e-08
1.629310500000000106e+00 1.342674991607827658e-07 1.607240329605550432e-08
1.637457099999999999e+00 1.289177300426192999e-07 1.579836676591226883e-08
1.645644300000000060e+00 1.227013289208453107e-07 1.552895435722991668e-08
1.653872599999999915e+00 1.150286985236039317e-07 1.526452762922363889e-08
1.662141899999999950e+00 1.043985909018994293e-07 1.500462011566855842e-08
1.670452599999999954e+00 8.408295237083914772e-08 1.474835853468051257e-08
1.674700700000000042e+00 2.854170345927539526e-08 1.461627336307924280e-08
1.675099399999999905e+00 2.758358277250748442e-08 7.006872435465186949e-08
1.678804900000000044e+00 7.950316635447368047e-08 6.951135731611109864e-08
1.687198900000000057e+00 9.767442547167104922e-08 6.827055262555742188e-08
1.695634899999999945e+00 1.042104707128324773e-07 6.705251602635966815e-08
1.704113100000000047e+00 1.068542488497583798e-07 6.585497786549016479e-08
1.712633700000000037e+00 1.067090608679757827e-07 6.467971852069517756e-08
1.721196799999999971e+00 1.021788349616051231e-07 6.352449642489248481e-08
1.726984099999999911e+00 7.649796528844730938e-08 6.275918274987678405e-08
1.727415900000000004e+00 7.619406022762420268e-08 8.845716265904264149e-08
1.729802800000000085e+00 9.721945978441475545e-08 8.801965634221700684e-08
1.738451799999999992e+00 1.108847665826764143e-07 8.645060414998247342e-08
1.747144100000000089e+00 1.167435674145672337e-07 8.491069709106878486e-08
1.755879799999999991e+00 1.205338763947719997e-07 8.339961149822173300e-08
1.764659200000000094e+00 1.232562381091716332e-07 8.191507214987647047e-08
1.773482500000000073e+00 1.252957248451032115e-07 8.045678547189050344e-08
1.782349900000000043e+00 1.268469722627705862e-07 7.902446046968758559e-08
1.791261699999999957e+00 1.280242211594066671e-07 7.761780437391809311e-08
1.800218000000000096e+00 1.289029195592115722e-07 7.623462947324160723e-08
1.809219099999999969e+00 1.295335936138142106e-07 7.487847040921243120e-08
1.818265199999999915e+00 1.299529590775921446e-07 7.354713069773572580e-08
1.827356500000000050e+00 1.301871266103675281e-07 7.223845416180970367e-08
1.836493300000000106e+00 1.302546348896624941e-07 7.095218926641511200e-08
1.845675699999999919e+00 1.301678564554330838e-07 6.968995391552931102e-08
1.854904099999999945e+00 1.299332177520118607e-07 6.844961943558112303e-08
1.864178600000000019e+00 1.295500786980011898e-07 6.723278972053788682e-08
1.873499500000000095e+00 1.290085552276203989e-07 6.603736317342604292e-08
1.882867000000000068e+00 1.282837014531295526e-07 6.486310342085515528e-08
1.892281399999999891e+00 1.273174713891343366e-07 6.370977276491557746e-08
1.901742800000000067e+00 1.259703947068791259e-07 6.257714242137006969e-08
1.911251500000000103e+00 1.237821873923668432e-07 6.146497887804494211e-08
1.919474700000000089e+00 1.182508523750284799e-07 6.052225486910776321e-08
1.920807699999999896e+00 1.122766090295447520e-07 6.037126739478562642e-08
1.922525299999999993e+00 1.180469940361353813e-07 6.918017670498044437e-08
1.930411799999999900e+00 1.230380991740383590e-07 6.818999497005486957e-08
1.940063799999999894e+00 1.246932128854863554e-07 6.700165823717257055e-08
1.949764199999999947e+00 1.254402060739709337e-07 6.583401389268704367e-08
1.959513000000000060e+00 1.257938598033487444e-07 6.468859252118158936e-08
1.969310499999999964e+00 1.259170661399513129e-07 6.356165354445996272e-08
1.979157099999999891e+00 1.258833135647320201e-07 6.245472703432901590e-08
1.989052899999999902e+00 1.257337241157553480e-07 6.136759467041773051e-08
1.998998100000000111e+00 1.254927718091016081e-07 6.029831994872757149e-08
2.008993100000000087e+00 1.251775968408303380e-07 5.925012121670246079e-08
2.019038099999999947e+00 1.247983957423401055e-07 5.822275726677964080e-08
2.029133299999999807e+00 1.243696081121021921e-07 5.721937154385461668e-08
2.039279000000000064e+00 1.238989101868731311e-07 5.623462517454130636e-08
2.049475399999999947e+00 1.233908431882590109e-07 5.526830874305535285e-08
2.059722700000000017e+00 1.228501996642688853e-07 5.431854846504100628e-08
2.070021300000000064e+00 1.222803745923479944e-07 5.338681608303797612e-08
2.080371400000000204e+00 1.216850699176152560e-07 5.247125812076732718e-08
2.090773299999999946e+00 1.210666646399435893e-07 5.157169462641781819e-08
2.101227199999999851e+00 1.204274710225954359e-07 5.068958301865279910e-08
2.111733300000000035e+00 1.197697244635315255e-07 4.982147431083593754e-08
2.122291999999999845e+00 1.190959454310522963e-07 4.897044945262009088e-08
2.132903400000000005e+00 1.184070848475249242e-07 4.813309744321523010e-08
2.143568000000000140e+00 1.177055231427389603e-07 4.731086694121436486e-08
2.154285799999999806e+00 1.169921258438168920e-07 4.650359428843646379e-08
2.165057200000000126e+00 1.162684255109844433e-07 4.571110840879833601e-08
2.175882500000000164e+00 1.155359132770724297e-07 4.493166485938961645e-08
2.186761900000000036e+00 1.147945979264583372e-07 4.416041544263931078e-08
2.197695700000000141e+00 1.140444845176934422e-07 4.340197417682145511e-08
2.208684199999999986e+00 1.132869980772971363e-07 4.265775488433462212e-08
2.219727600000000134e+00 1.125228248077978828e-07 4.192605153359615487e-08
2.230826299999999929e+00 1.117529561815008376e-07 4.120672488164614565e-08
2.241980400000000095e+00 1.109780371944345516e-07 4.049964254129399327e-08
2.253190299999999979e+00 1.101990025931834201e-07 3.980314466187031617e-08
2.264456200000000141e+00 1.094157662341747686e-07 3.911863760743549812e-08
2.275778499999999926e+00 1.086285634920131056e-07 3.844598707512610308e-08
2.287157399999999896e+00 1.078383028289276440e-07 3.778356296041459586e-08
2.298593200000000003e+00 1.070458517250612947e-07 3.713275049136938998e-08
2.310086200000000201e+00 1.062510783847507085e-07 3.649490615936898436e-08
2.321636600000000161e+00 1.054548279934476162e-07 3.586692503755203318e-08
2.333244800000000119e+00 1.046575811570696062e-07 3.525017179134952366e-08
2.344911000000000190e+00 1.038598202916711107e-07 3.464305880316890921e-08
2.356635600000000164e+00 1.030616835790504781e-07 3.404693819365800349e-08
2.368418699999999877e+00 1.022636394738088919e-07 3.346168939731922250e-08
2.380260799999999843e+00 1.014658018220363263e-07 3.288574541139350870e-08
2.392162100000000180e+00 1.006686087362196572e-07 3.232044257698465869e-08
2.404122999999999788e+00 9.987276451441836993e-08 3.176423185899686074e-08
2.416143599999999836e+00 9.907779124141535349e-08 3.121843847288590412e-08
2.428224300000000113e+00 9.828466833547433022e-08 3.068152960262192298e-08
2.440365400000000129e+00 9.749318865692307786e-08 3.015340926467143883e-08
2.452567199999999836e+00 9.670372746066137562e-08 2.963538161477624448e-08
2.464830099999999913e+00 9.591663860512426327e-08 2.912454567061186120e-08
2.477154200000000195e+00 9.513200525898973303e-08 2.862360205701615435e-08
2.489539999999999864e+00 9.435015567944565313e-08 2.813105665579687306e-08
2.501987699999999926e+00 9.357115322697029710e-08 2.764681897291811787e-08
2.514497599999999888e+00 9.279423417326876070e-08 2.716806851341832784e-08
2.527070099999999986e+00 9.202000767810895320e-08 2.669747096773178227e-08
2.539705500000000171e+00 9.124853264004446719e-08 2.623628822702947650e-08
2.552404000000000117e+00 9.047987334697037364e-08 2.578172344773668251e-08
2.565166000000000057e+00 8.971433994688243918e-08 2.533504580027596028e-08
2.577991899999999781e+00 8.895197162150789923e-08 2.489616729634154107e-08
2.590881800000000013e+00 8.819308361250405374e-08 2.446500363775953982e-08
2.603836199999999934e+00 8.743769774000511110e-08 2.404146742728497613e-08
2.616855399999999943e+00 8.668559688233135430e-08 2.362547399824036880e-08
2.629939699999999991e+00 8.593756930043722286e-08 2.321693943276083814e-08
2.643089400000000033e+00 8.519313875924041575e-08 2.281448213862816480e-08
2.656304800000000021e+00 8.445282465293515423e-08 2.241933101305639753e-08
2.669586300000000190e+00 8.371639407254643289e-08 2.203140342521708414e-08
2.682934299999999883e+00 8.298386258397585355e-08 2.164933840840627542e-08
2.696348899999999826e+00 8.225573745551910326e-08 2.127434914598681124e-08
2.709830699999999926e+00 8.153177131140142742e-08 2.090635357517473713e-08
2.723379800000000017e+00 8.081198841936333089e-08 2.054401418107564921e-08
2.736996700000000171e+00 8.009661818964494269e-08 2.018852387200012992e-08
2.750681699999999896e+00 7.938566450727198386e-08 1.983855742485295024e-08
2.764435100000000034e+00 7.867913058034891958e-08 1.949529797448946791e-08
2.778257299999999930e+00 7.797701333876835717e-08 1.915743326287993077e-08
2.792148599999999981e+00 7.727975701052310698e-08 1.882490612484102425e-08
2.806109300000000140e+00 7.658691219299318262e-08 1.850010585061868317e-08
2.820139900000000033e+00 7.589868577993118815e-08 1.817928773922444565e-08
2.834240600000000221e+00 7.521529196052914077e-08 1.786483682112898781e-08
2.848411800000000049e+00 7.453671274153412201e-08 1.755547446411916298e-08
2.862653900000000196e+00 7.386271977095296821e-08 1.725114554333607350e-08
2.876967099999999888e+00 7.319372778925909555e-08 1.695298949205588111e-08
2.891351999999999922e+00 7.252970189009656777e-08 1.665974624501210187e-08
2.905808700000000133e+00 7.187063253153577692e-08 1.637136398492162741e-08
2.920337799999999984e+00 7.121668707768026451e-08 1.608778848632564430e-08
2.934939400000000198e+00 7.056784946276335664e-08 1.581013811293006710e-08
2.949614099999999794e+00 6.992467351630884444e-08 1.553717869827940260e-08
2.964362200000000058e+00 6.928731198708203006e-08 1.526770152784028944e-08
2.979184000000000054e+00 6.865649259579244094e-08 1.500397716711970554e-08
2.994079900000000016e+00 6.803425373590282364e-08 1.474479147961636592e-08
3.009050300000000178e+00 6.742045727075328184e-08 1.448553226958251543e-08
3.024095599999999884e+00 6.680724120497882135e-08 1.422735273723500311e-08
3.039216099999999976e+00 6.619601240738393356e-08 1.397364210683131078e-08
3.054412199999999800e+00 6.558774957853843934e-08 1.372435095192616405e-08
3.069684200000000196e+00 6.498284880028838665e-08 1.347943073951908757e-08
3.085032599999999903e+00 6.438168209340034938e-08 1.323883248788786214e-08
3.100457800000000042e+00 6.378425218635906536e-08 1.300250811979321716e-08
3.115960100000000121e+00 6.319074286348657913e-08 1.277151178006681008e-08
3.131539899999999932e+00 6.260150187805479781e-08 1.254358801525188110e-08
3.147197600000000151e+00 6.201651467798159811e-08 1.231979690693838461e-08
3.162933600000000123e+00 6.143576655211462359e-08 1.210009208559126851e-08
3.178748199999999802e+00 6.085941701414312729e-08 1.188442797914707936e-08
3.194641999999999982e+00 6.028743824881931948e-08 1.167275830481226756e-08
3.210615199999999891e+00 5.971998489048861233e-08 1.146503869089844853e-08
3.226668300000000045e+00 5.915686240261767003e-08 1.126122406393529027e-08
3.242801599999999951e+00 5.859838195591944162e-08 1.106021218034759246e-08
3.259015600000000124e+00 5.804418530372056045e-08 1.086408064402424106e-08
3.275310699999999908e+00 5.749457352445169154e-08 1.067067459403421185e-08
3.291687299999999983e+00 5.694951678844159544e-08 1.047996657560599158e-08
3.308145699999999856e+00 5.640898881516524692e-08 1.029390071929046483e-08
3.324686400000000042e+00 5.587295654160690138e-08 1.011087195610892740e-08
3.341309900000000166e+00 5.534138723732333889e-08 9.931052638759000078e-09
3.358016399999999901e+00 5.496815708661514737e-08 9.752670454742303926e-09
3.374806500000000042e+00 5.444375392607180016e-08 9.575715520032732358e-09
3.391680500000000098e+00 5.392359803155308692e-08 9.402000200635533268e-09
3.408638900000000138e+00 5.340766163449433369e-08 9.231487858048840494e-09
3.425682099999999952e+00 5.289577342393254853e-08 9.064142469072459768e-09
3.442810500000000218e+00 5.238805874108634840e-08 8.899828651417335360e-09
3.460024600000000117e+00 5.195747302800371181e-08 8.738016332424001471e-09
3.477324700000000046e+00 5.145744735457623939e-08 8.577988743525271552e-09
3.494711300000000076e+00 5.096138244106903268e-08 8.420908397725645746e-09
3.512184899999999832e+00 5.046953479891284502e-08 8.266741954340663490e-09
3.529745800000000155e+00 4.998160234791738946e-08 8.115554074365320257e-09
3.547394499999999784e+00 4.949769919780441879e-08 7.967117077263450692e-09
3.565131500000000120e+00 4.901806972378503586e-08 7.821496240359644615e-09
3.582957200000000064e+00 4.854227922688339820e-08 7.678563867349434637e-09
3.600871900000000014e+00 4.807070931266127885e-08 7.538289965929003837e-09
3.618876300000000157e+00 4.760318866391212002e-08 7.400643972880853248e-09
3.636970700000000001e+00 4.713969249353750936e-08 7.265502086254142157e-09
3.655155499999999780e+00 4.668032239937869667e-08 7.133024099690080558e-09
3.673431299999999844e+00 4.622491450620890987e-08 7.002898818885266176e-09
3.691798499999999983e+00 4.577369477302029874e-08 6.875193139307503461e-09
3.710257499999999986e+00 4.532637846180937047e-08 6.749879837249424256e-09
3.728808799999999923e+00 4.488306044965477042e-08 6.626931749911484360e-09
3.747452800000000028e+00 4.444371058566482882e-08 6.506230563645012927e-09
3.766190100000000207e+00 4.400829420984535896e-08 6.387841926713409856e-09
3.785020999999999969e+00 4.357690430070244308e-08 6.271558415249063538e-09
3.803946100000000108e+00 4.314950317865269157e-08 6.157446596161741567e-09
3.822965899999999806e+00 4.272593798161250455e-08 6.045481862054512439e-09
3.842080699999999904e+00 4.235591541706837073e-08 5.935640141881956446e-09
3.861291099999999865e+00 4.193990426488453983e-08 5.826208429553310186e-09
3.880597499999999922e+00 4.152763642928713982e-08 5.718868411779442381e-09
3.900000499999999981e+00 4.111896613756699970e-08 5.613508091985357088e-09
3.919500499999999832e+00 4.071398101902414862e-08 5.510105297225798210e-09
3.939097999999999988e+00 4.031265120681545181e-08 5.408637908393480466e-09
3.958793500000000076e+00 3.991494709185219661e-08 5.309084009039695327e-09
3.978587500000000166e+00 3.952083931822959531e-08 5.211421883349100735e-09
3.998480400000000046e+00 3.913040852679228725e-08 5.115544313694113617e-09
4.018472799999999623e+00 3.874351390910808732e-08 5.021431126744170339e-09
4.038565199999999855e+00 3.836012687588589493e-08 4.928722559285736721e-09
4.058758000000000088e+00 3.798032555804055323e-08 4.837826895565929218e-09
4.079051800000000227e+00 3.760407679197789167e-08 4.748639092187973093e-09
4.099447099999999899e+00 3.723124708584030443e-08 4.661139809079451455e-09
4.119944300000000226e+00 3.686191215112722260e-08 4.575226694514749372e-09
4.140544000000000224e+00 3.649593921464579375e-08 4.490881884430021404e-09
4.161246700000000409e+00 3.613350018422024007e-08 4.408170262108279077e-09
4.182052999999999798e+00 3.577446196102499815e-08 4.327073063427525866e-09
4.202963200000000121e+00 3.541870084372000093e-08 4.247245395403512403e-09
4.223978100000000069e+00 3.506637853109353495e-08 4.168917244655581994e-09
4.245097999999999594e+00 3.471737084059528967e-08 4.092152690223851170e-09
4.266323400000000099e+00 3.437155427855338406e-08 4.016692387923670172e-09
4.287655100000000274e+00 3.402908582543836882e-08 3.942761922332942162e-09
4.309093299999999793e+00 3.368993925497596510e-08 3.870184582018523871e-09
4.330638800000000010e+00 3.335389533453943284e-08 3.798944924358196387e-09
4.352292000000000272e+00 3.302111268115660351e-08 3.729028009477462895e-09
4.374053499999999595e+00 3.269155963631217449e-08 3.660418855632968146e-09
4.395923699999999990e+00 3.236511868034008943e-08 3.593102784986176394e-09
4.417903299999999867e+00 3.204175996984065696e-08 3.526987323732611663e-09
4.439992900000000020e+00 3.172154290757473703e-08 3.462213648102719926e-09
4.462192800000000403e+00 3.140444140032204416e-08 3.398612574640935482e-09
4.484503799999999707e+00 3.109033682680215132e-08 3.336170786755872572e-09
4.506926299999999941e+00 3.077928962917874336e-08 3.274875394827184214e-09
4.529460900000000123e+00 3.047118631504724932e-08 3.214789241313467424e-09
4.552108200000000160e+00 3.016616656112485752e-08 3.155747610877215412e-09
4.574868799999999958e+00 2.986403435806550278e-08 3.097888978045846132e-09
4.597743099999999750e+00 2.956484775008926997e-08 3.041050503383093548e-09
4.620731799999999723e+00 2.926849643136499527e-08 2.985295050287669939e-09
4.643835499999999783e+00 2.897511467933961395e-08 2.930536375814045581e-09
4.667054699999999556e+00 2.868459455657903797e-08 2.876836949491238866e-09
4.690389999999999837e+00 2.839683033323276853e-08 2.824184646026719297e-09
4.713841900000000251e+00 2.811195355294400011e-08 2.772421904212689011e-09
4.737411100000000097e+00 2.782985706606629924e-08 2.721683815163144615e-09
4.761098200000000169e+00 2.755043833619469486e-08 2.671886494373709467e-09
4.784903700000000093e+00 2.727382508118051816e-08 2.623019377281052813e-09
4.808828199999999775e+00 2.699991451518183915e-08 2.575000572309571977e-09
4.832872300000000010e+00 2.672868091597653678e-08 2.527962734741281798e-09
4.857036700000000096e+00 2.646009774353946192e-08 2.481753099425035640e-09
4.881321899999999658e+00 2.619414093687358064e-08 2.436362533556061811e-09
4.905728500000000381e+00 2.593085718344721253e-08 2.391851889227319122e-09
4.930257100000000392e+00 2.567007789326987416e-08 2.348211100871392217e-09
4.954908399999999880e+00 2.541192015313651969e-08 2.305291625544515325e-09
4.979682900000000245e+00 2.515635877205788089e-08 2.263223529671824959e-09
5.004581400000000180e+00 2.490322818449978808e-08 2.221928347167350484e-09
5.029604299999999917e+00 2.465264511088976675e-08 2.181465712796248112e-09
5.054752299999999643e+00 2.440451569788636358e-08 2.141690166752616308e-09
5.080026000000000153e+00 2.415888361231339481e-08 2.102594195198853028e-09
5.105426200000000136e+00 2.391565599380073799e-08 2.064304708600509342e-09
5.130953299999999828e+00 2.367481213659210777e-08 2.026678633962044353e-09
5.156608099999999695e+00 2.343639261897440321e-08 1.989775140158405077e-09
5.182391100000000250e+00 2.320031012729206053e-08 1.953586035590726785e-09
5.208303100000000185e+00 2.296660450848838296e-08 1.918037196956019665e-09
5.234344600000000014e+00 2.273519021241319092e-08 1.883121563986160963e-09
5.260516299999999923e+00 2.250610721729828313e-08 1.848897302993903157e-09
5.286818900000000099e+00 2.227926997110574796e-08 1.815291521549545854e-09
5.313252999999999560e+00 2.205465753322758346e-08 1.782297317054507437e-09
5.339819199999999988e+00 2.183230959902148104e-08 1.749907847855075121e-09
5.366518300000000075e+00 2.161220220837197455e-08 1.718116268710775517e-09
5.393350899999999726e+00 2.139425406667052354e-08 1.686915862789951337e-09
5.420317700000000016e+00 2.117850298673348310e-08 1.656299941961392987e-09
5.447419299999999964e+00 2.096492737832045920e-08 1.626198910325729387e-09
5.474656399999999756e+00 2.075344760988166936e-08 1.596607140546312272e-09
5.502029699999999579e+00 2.054404351885764753e-08 1.567581430301853549e-09
5.529539800000000227e+00 2.033680862388060561e-08 1.539115350789674509e-09
5.557187500000000391e+00 2.013155167355902836e-08 1.511202475561089509e-09
5.584973399999999977e+00 1.992842131143864573e-08 1.483775045022954646e-09
5.612898300000000340e+00 1.972728482103201670e-08 1.456827668091198210e-09
5.640962799999999611e+00 1.952812384424983925e-08 1.430415893026024585e-09
5.669167599999999752e+00 1.933102674216864830e-08 1.404473008217344280e-09
5.697513500000000342e+00 1.913586479123424794e-08 1.378993773009437600e-09
5.726001000000000118e+00 1.894262089084830155e-08 1.354033001198497287e-09
5.754630999999999830e+00 1.875137952509114794e-08 1.329465355673174522e-09
5.783404199999999662e+00 1.856201650444660006e-08 1.305405334690534098e-09
5.812321200000000410e+00 1.837456564544874517e-08 1.281788001362620785e-09
5.841382799999999875e+00 1.818895662638944814e-08 1.258549602780428909e-09
5.870589700000000022e+00 1.800522200037741874e-08 1.235802997254730998e-09
5.899942700000000428e+00 1.782334239914033118e-08 1.213426062718535537e-09
5.929442400000000113e+00 1.764329988395726136e-08 1.191472720477792075e-09
5.959089600000000431e+00 1.746502697698287548e-08 1.169938143985610530e-09
5.988884999999999792e+00 1.728860308200062700e-08 1.148817570949639222e-09
6.018829499999999832e+00 1.711391252850654691e-08 1.128049226158407520e-09
6.048923600000000178e+00 1.694094014996109529e-08 1.107686057403212829e-09
6.079168199999999800e+00 1.676976192730605505e-08 1.087666937346623844e-09
6.109564100000000053e+00 1.660026622948209204e-08 1.068044267528990613e-09
6.140111899999999956e+00 1.643248353563238788e-08 1.048813508302354215e-09
6.170812500000000256e+00 1.626639578948272804e-08 1.029858881413548448e-09
6.201666499999999971e+00 1.610198673199273378e-08 1.011288263698578084e-09
6.232674900000000129e+00 1.593923819912095961e-08 9.930971640583596136e-10
6.263838200000000356e+00 1.577809088564403059e-08 9.751716375600820146e-10
6.295157399999999903e+00 1.561861531519962298e-08 9.576179421388669378e-10
6.326633199999999846e+00 1.546070803242162022e-08 9.403775050970261808e-10
6.358266399999999763e+00 1.530439658985626756e-08 9.234468318692429927e-10
6.390057699999999841e+00 1.514966527937502651e-08 9.068224738831685927e-10
6.422007999999999939e+00 1.499649761510592988e-08 8.905544236296359922e-10
6.454118000000000244e+00 1.484483687055411145e-08 8.745321514964903322e-10
6.486388599999999727e+00 1.469475008820761887e-08 8.588059799020414828e-10
6.518820599999999743e+00 1.454613946780989736e-08 8.433725702274310622e-10
6.551414699999999591e+00 1.439903152052019425e-08 8.282286267769785696e-10
6.584171699999999738e+00 1.425345085023285227e-08 8.133708703420331891e-10
6.915365000000000428e+00 1.290044766416099225e-08 6.810201237852156116e-10
7.392525000000000013e+00 1.125945180265836016e-08 5.346536726503292006e-10
7.902608999999999995e+00 9.825917039811722905e-09 4.184627387123499902e-10
8.447889999999999233e+00 8.573671563422894621e-09 3.276044558969522936e-10
9.030794000000000210e+00 7.480914075974289333e-09 2.552366717253155300e-10
9.653919000000000139e+00 6.523106854029549201e-09 1.970173770539928572e-10
1.032004000000000055e+01 5.683974909043771686e-09 1.523002458441409035e-10
1.103212000000000081e+01 4.948454018985366537e-09 1.179103845348948424e-10
1.179334000000000060e+01 4.301797255699011506e-09 9.142848604438424301e-11
1.260707999999999984e+01 3.728532337513384059e-09 7.100718924366353160e-11
1.347696999999999967e+01 3.204604950263373690e-09 5.523741212029517703e-11
1.403908999999999985e+01 2.865289971010582073e-09 4.740097094305813133e-11
1.425397000000000070e+01 2.663246509177031230e-09 4.478677481060831404e-11
1.431127000000000038e+01 2.502715489511157958e-09 4.412306136254663350e-11
1.440687999999999924e+01 2.621443333703331591e-09 3.136244418724021338e-10
1.461210999999999949e+01 2.660676090124454816e-09 2.963725636946590854e-10
1.540094999999999992e+01 2.501959233044824119e-09 2.416840993649269157e-10
1.646361999999999881e+01 2.235251244497178592e-09 1.895451267937272555e-10
1.759960999999999842e+01 1.978698190846719656e-09 1.495297832800727672e-10
1.881398000000000081e+01 1.745017698194983056e-09 1.180439017733952192e-10
2.011214999999999975e+01 1.535176870674770291e-09 9.255229044301245830e-11
2.149988000000000099e+01 1.348255392221828419e-09 7.246472927997129564e-11
2.298338000000000036e+01 1.182722186875825744e-09 5.669006243329501228e-11
2.456923000000000101e+01 1.036676471494508751e-09 4.434004137843643880e-11
2.626450000000000173e+01 9.081854838757529717e-10 3.469136412525664902e-11
2.807676000000000016e+01 7.953013851035788334e-10 2.706546294066112741e-11
3.001405000000000101e+01 6.968352039114100339e-10 2.101813366302244243e-11
3.208502000000000010e+01 6.097485995650961000e-10 1.630292882196948288e-11
3.429889000000000010e+01 5.334341675200331691e-10 1.265316296663937766e-11
3.666550999999999760e+01 4.666058123968177113e-10 9.825020302695136436e-12
3.919543000000000177e+01 4.081136439571500895e-10 7.633563923716009180e-12
4.189992000000000161e+01 3.569350296474235673e-10 5.934049784032446374e-12
4.479100999999999999e+01 3.121641008495190380e-10 4.615054548012401321e-12
4.788159000000000276e+01 2.730064565400973370e-10 3.592767716825172468e-12
5.118542000000000058e+01 2.387606377402707463e-10 2.800019186812143536e-12
5.471721000000000146e+01 2.088140149751682173e-10 2.185081929250702358e-12
5.849269999999999925e+01 1.826273839854441116e-10 1.707681390890223816e-12
6.252870000000000061e+01 1.597299621977699580e-10 1.336043778391548542e-12
6.684318000000000382e+01 1.397052781715965528e-10 1.042695324700316985e-12
7.145535999999999888e+01 1.221929970719164379e-10 8.157013086525022609e-13
7.638577999999999690e+01 1.068785427827550378e-10 6.397693956211948921e-13
8.165640000000000498e+01 9.348652907955641996e-11 5.029036165648502202e-13
8.729068999999999789e+01 8.177457714731481005e-11 3.959018522259376939e-13
9.331373999999999569e+01 7.153147419460750815e-11 3.129568312980463494e-13
9.975239000000000544e+01 6.257296170544359539e-11 2.484827490469873535e-13
1.066353000000000009e+02 5.473776631564354564e-11 1.982723275058877780e-13
1.139930999999999983e+02 4.788501670441824103e-11 1.590720198781006818e-13
1.218586999999999989e+02 4.189114095785587453e-11 1.283754209449951797e-13
1.302668999999999926e+02 3.664841583106131768e-11 1.042588270845691883e-13
1.392553000000000054e+02 3.206251533807653713e-11 8.524419586258974531e-14
1.488640000000000043e+02 2.805104143128321103e-11 7.018628951495170763e-14
1.591356000000000108e+02 2.454196758785646042e-11 5.820732200352960487e-14
1.701159000000000106e+02 2.147223135228306863e-11 4.862820268200997215e-14
1.818539000000000101e+02 1.878676010920540654e-11 4.092444737875163856e-14
1.944018000000000086e+02 1.643743009137823814e-11 3.468871900481699801e-14
2.078155999999999892e+02 1.438203550163364476e-11 2.961095093042372906e-14
2.221547999999999945e+02 1.258384695124277526e-11 2.544583002464787808e-14
2.374834999999999923e+02 1.101062955653512352e-11 2.200426650891628610e-14
2.538699000000000012e+02 9.634172620161767923e-12 1.914023912714866595e-14
2.713869000000000256e+02 8.429862941270349683e-12 1.673762632412781689e-14
2.901125999999999863e+02 7.376177125567036082e-12 1.470856355109523503e-14
3.101304000000000087e+02 6.454248769638462846e-12 1.298236169144711276e-14
3.315294000000000096e+02 5.647582100438795540e-12 1.150156900664889662e-14
3.544048999999999978e+02 4.941776474213644423e-12 1.022466438392108280e-14
3.788587999999999738e+02 4.324190952787361293e-12 9.116313218144156829e-15
4.050000999999999749e+02 3.783816506504046764e-12 8.148691851822875275e-15
4.329451000000000249e+02 3.310980186144590452e-12 7.299076312390409614e-15
