1.067676000000000069e+00 4.169445619560142044e-04 2.296748642352784922e-05
1.141345000000000054e+00 3.603273233428143504e-04 1.790504895745790529e-05
1.220097999999999905e+00 3.101461024685729282e-04 1.397248045951049067e-05
1.304284999999999917e+00 2.650800742092875896e-04 1.091439198273176615e-05
1.394281000000000104e+00 2.231586107607840366e-04 8.522706403729177825e-06
1.490485999999999978e+00 1.785708175189826242e-04 6.634780539251139565e-06
1.528407999999999989e+00 1.542649459180081865e-04 6.039991095883749467e-06
1.551801999999999904e+00 1.221036284501414340e-04 5.707148352880555989e-06
1.558040000000000092e+00 8.864275877843248361e-05 5.622427057940796053e-06
1.567398000000000069e+00 1.193162594530762727e-04 6.860351476033454401e-05
1.590791999999999984e+00 1.438622481113793685e-04 6.623872924039689433e-05
1.593328999999999995e+00 1.450325143921812649e-04 6.598952809000117978e-05
1.703268999999999922e+00 1.562018592120503757e-04 5.449774889247341509e-05
1.820794999999999941e+00 1.478494899413435721e-04 4.304161416958115583e-05
1.946430000000000105e+00 1.351012911931520762e-04 3.348582436212612376e-05
2.080732999999999944e+00 1.212462463465031713e-04 2.605038174004984864e-05
2.224304000000000059e+00 1.079141628425819317e-04 2.042416094533309670e-05
2.377781000000000144e+00 9.557873057482008073e-05 1.603839231073727600e-05
2.541847999999999885e+00 8.437761969020525987e-05 1.260932801831444098e-05
2.717235000000000067e+00 7.431926746928781136e-05 9.911858407273274344e-06
2.904723999999999862e+00 6.535084149746271079e-05 7.786296393388535958e-06
3.105150000000000077e+00 5.740904911591924331e-05 6.094679177361914755e-06
3.319405999999999857e+00 5.051076483902704846e-05 4.726579440355053920e-06
3.548445000000000071e+00 4.423526994689465721e-05 3.664142951723534959e-06
3.793287999999999993e+00 3.870853433909074497e-05 2.840895535666261489e-06
4.055024000000000406e+00 3.385388910646490045e-05 2.202763204757351046e-06
4.334820999999999813e+00 2.959745558460095355e-05 1.708214123821718410e-06
4.633924000000000376e+00 2.586958404984201056e-05 1.324876997498244792e-06
4.953663999999999845e+00 2.260767207293370803e-05 1.027721049523417380e-06
5.295467000000000368e+00 1.975538502336562365e-05 7.972991856695563382e-07
5.660854999999999748e+00 1.726226933251447343e-05 6.186372791747933110e-07
6.051453000000000415e+00 1.508376019111134292e-05 4.800919524126216114e-07
6.469003999999999976e+00 1.318074030085887610e-05 3.726449596742908706e-07
6.915365000000000428e+00 1.151857412277618803e-05 2.885629275009883448e-07
7.392525000000000013e+00 1.006584591526826047e-05 2.224135794054178714e-07
7.902608999999999995e+00 8.796453136235401273e-06 1.714729792516060477e-07
8.447889999999999233e+00 7.687533139179401282e-06 1.322434321015085943e-07
9.030794000000000210e+00 6.719010379868645862e-06 1.018369631820765203e-07
9.653919000000000139e+00 5.872944264444387976e-06 7.794382978815316064e-08
1.032004000000000055e+01 5.133447829419225847e-06 5.968598537058041613e-08
1.103212000000000081e+01 4.487267421369712611e-06 4.572934412953009399e-08
1.179334000000000060e+01 3.922685601822168625e-06 3.505985162256824323e-08
1.260707999999999984e+01 3.429346574515619977e-06 2.689736131518978255e-08
1.347696999999999967e+01 2.998300520322398456e-06 2.065615930290906448e-08
1.440687999999999924e+01 2.621593057622038692e-06 1.587659203728221751e-08
1.540094999999999992e+01 2.292372408499968535e-06 1.221724180697721433e-08
1.646361999999999881e+01 2.004614553287988662e-06 9.413465366455350352e-09
1.759960999999999842e+01 1.753099227722948599e-06 7.264203498591683729e-09
1.881398000000000081e+01 1.533211421092917842e-06 5.615309578127736147e-09
2.011214999999999975e+01 1.340984249053724642e-06 4.349601151380314952e-09
2.149988000000000099e+01 1.172903809952759574e-06 3.376858612245731331e-09
2.298338000000000036e+01 1.025944024766317721e-06 2.628819681795514890e-09
2.456923000000000101e+01 8.974327882140836716e-07 2.052696955945283326e-09
2.626450000000000173e+01 7.850432267456995336e-07 1.608534125654253231e-09
2.807676000000000016e+01 6.867646863305714903e-07 1.261053050113255753e-09
3.001405000000000101e+01 6.007993394625128821e-07 9.922746509655885678e-10
3.208502000000000010e+01 5.256105029176786457e-07 7.850008205583851820e-10
3.429889000000000010e+01 4.598418789086255337e-07 6.240147528027306550e-10
3.666550999999999760e+01 4.023121614840598058e-07 4.987481592994119687e-10
3.919543000000000177e+01 3.519851787845484339e-07 4.016529732224332427e-10
4.189992000000000161e+01 3.079608218757498256e-07 3.260916639162044708e-10
4.479100999999999999e+01 2.694470425985649750e-07 2.670298972293749540e-10
4.788159000000000276e+01 2.357533885600518168e-07 2.206296746656375615e-10
5.118542000000000058e+01 2.062762052937818265e-07 1.839556126102335791e-10
5.471721000000000146e+01 1.804874712474752419e-07 1.547759521965179997e-10
5.849269999999999925e+01 1.579240305738985788e-07 1.314011423444838962e-10
6.252870000000000061e+01 1.381823896895158096e-07 1.125283796491812832e-10
6.684318000000000382e+01 1.209104694249906776e-07 9.716195193288617709e-11
7.145535999999999888e+01 1.057982394829960261e-07 8.454393472474505582e-11
7.638577999999999690e+01 9.257555340340113624e-08 7.408430204591028784e-11
8.165640000000000498e+01 8.100606193538237519e-08 6.533362874993407582e-11
8.729068999999999789e+01 7.088245481918966882e-08 5.794696727687383456e-11
9.331373999999999569e+01 6.202499138487179480e-08 5.165261565053184482e-11
9.975239000000000544e+01 5.427434452288818593e-08 4.623905949604804445e-11
1.066353000000000009e+02 4.749222513553644342e-08 4.154389928464213007e-11
1.139930999999999983e+02 4.155794079045652771e-08 3.744209230491725085e-11
1.218586999999999989e+02 3.636509338846662904e-08 3.383217063422038476e-11
1.302668999999999926e+02 3.182142412188528199e-08 3.063655787599429821e-11
1.392553000000000054e+02 2.784566677532074845e-08 2.778900494722189217e-11
1.488640000000000043e+02 2.436641848566992043e-08 2.524042535990279613e-11
1.591356000000000108e+02 2.132208622113732170e-08 2.295194373781330453e-11
1.701159000000000106e+02 1.865812043805290822e-08 2.088504278529499986e-11
1.818539000000000101e+02 1.632697723154297812e-08 1.901569134072491275e-11
1.944018000000000086e+02 1.428719991336664645e-08 1.731982683047991071e-11
2.078155999999999892e+02 1.250215023817785442e-08 1.577903152863235862e-11
2.221547999999999945e+02 1.094022518637874871e-08 1.437578180748673841e-11
2.374834999999999923e+02 9.573427256013118789e-09 1.309690695150501962e-11
2.538699000000000012e+02 8.377386623406903822e-09 1.193057436501472864e-11
2.713869000000000256e+02 7.330774861557665100e-09 1.086515083706054059e-11
2.901125999999999863e+02 6.414918146917694504e-09 9.893066495238196237e-12
3.101304000000000087e+02 5.613524508642880646e-09 9.003779572579782203e-12
3.315294000000000096e+02 4.912209331672936859e-09 8.192093194594070474e-12
3.544048999999999978e+02 4.298545474067082972e-09 7.450157965676077363e-12
3.788587999999999738e+02 3.761515552168263188e-09 6.772612323616099659e-12
4.050000999999999749e+02 3.291602318544302000e-09 6.153793767929420403e-12
4.329451000000000249e+02 2.880394433712014257e-09 5.588920369258090027e-12
