1.067676000000000069e+00 2.682589777042747450e-07 3.928720633778388746e-08
1.141345000000000054e+00 2.340624076597810834e-07 3.065536593576816456e-08
1.220097999999999905e+00 2.040826363158033882e-07 2.394045724075761221e-08
1.304284999999999917e+00 1.778704061766858129e-07 1.869010395222228009e-08
1.394281000000000104e+00 1.549512378468699282e-07 1.455996810261774285e-08
1.490485999999999978e+00 1.349321309587078376e-07 1.135271667412054099e-08
1.593328999999999995e+00 1.174646292374672526e-07 8.861411627631716487e-09
1.703268999999999922e+00 1.022292965002249256e-07 6.923895203549232002e-09
1.820794999999999941e+00 8.894022595958718483e-08 5.415631794062962022e-09
1.946430000000000105e+00 7.734412583615154948e-08 4.240542023142942037e-09
2.080732999999999944e+00 6.721704615568708471e-08 3.323911244636933488e-09
2.224304000000000059e+00 5.835934021107344626e-08 2.608351094614383299e-09
2.377781000000000144e+00 5.059150574432675970e-08 2.049107479772461755e-09
2.541847999999999885e+00 4.374408015642115434e-08 1.611509779996109566e-09
2.717235000000000067e+00 3.764015835085618313e-08 1.268877066808870210e-09
2.904723999999999862e+00 3.202669707132620816e-08 1.000173630483708452e-09
3.105150000000000077e+00 2.604417465887624526e-08 7.814139812949082772e-10
3.138841999999999910e+00 2.470297483059888803e-08 7.497263888159734666e-10
3.186885000000000190e+00 2.135142623459170121e-08 7.073970094612291177e-10
3.199697000000000013e+00 1.806273962569898695e-08 6.966209816005044690e-10
3.218913999999999831e+00 2.096814581095978218e-08 6.753454381488261446e-09
3.266957999999999807e+00 2.310320502572353793e-08 6.410699896023138715e-09
3.319405999999999857e+00 2.356718254016784304e-08 6.062406590172580342e-09
3.548445000000000071e+00 2.255207665324477261e-08 4.781063193539737838e-09
3.793287999999999993e+00 2.052893894446782363e-08 3.762600974837670886e-09
4.055024000000000406e+00 1.839482670549654862e-08 2.958491704960460593e-09
4.334820999999999813e+00 1.635329459493594291e-08 2.321042198934758832e-09
4.633924000000000376e+00 1.446461987727725470e-08 1.818173322830997980e-09
4.953663999999999845e+00 1.275228781474370998e-08 1.423515815396681837e-09
5.295467000000000368e+00 1.121746139608671635e-08 1.114344304625565888e-09
5.660854999999999748e+00 9.851623645867951050e-09 8.722054836847960382e-10
6.051453000000000415e+00 8.642266221105898182e-09 6.825608111981682823e-10
6.469003999999999976e+00 7.592294968181252823e-09 5.333075868763012150e-10
6.915365000000000428e+00 6.649235490359757035e-09 4.144922443982668997e-10
7.392525000000000013e+00 5.819550661289986379e-09 3.221910166770584654e-10
7.902608999999999995e+00 5.091290882807706075e-09 2.504948607407626952e-10
8.447889999999999233e+00 4.452905551763340523e-09 1.947866617125082138e-10
9.030794000000000210e+00 3.895095567898900690e-09 1.512620589767968948e-10
9.653919000000000139e+00 3.405492718849243818e-09 1.168675158098749339e-10
1.032004000000000055e+01 2.976942529488720656e-09 9.031719004652113969e-11
1.103212000000000081e+01 2.602149914512551862e-09 6.981695719949824933e-11
1.179334000000000060e+01 2.274475643791246063e-09 5.398674014385459041e-11
1.260707999999999984e+01 1.988084117980159128e-09 4.175622202654733092e-11
1.347696999999999967e+01 1.737817535434752877e-09 3.231053374085881634e-11
1.440687999999999924e+01 1.519128944466158374e-09 2.491984077338950097e-11
1.540094999999999992e+01 1.327959519833557783e-09 1.917698830588442564e-11
1.646361999999999881e+01 1.160882760791011021e-09 1.476389212228758069e-11
1.759960999999999842e+01 1.014865217948711854e-09 1.137448034457783595e-11
1.881398000000000081e+01 8.872622406796885660e-10 8.769881457938032505e-12
2.011214999999999975e+01 7.757489264222263273e-10 6.767373491590605296e-12
2.149988000000000099e+01 6.782923695839958280e-10 5.227244400267005627e-12
2.298338000000000036e+01 5.931106100869380888e-10 4.042097348491647864e-12
2.456923000000000101e+01 5.186578968089060433e-10 3.129727745631772829e-12
2.626450000000000173e+01 4.535761174488215830e-10 2.426995711432143360e-12
2.807676000000000016e+01 3.967018701581523233e-10 1.874945797116348826e-12
3.001405000000000101e+01 3.469574957827960313e-10 1.448956615081355215e-12
3.208502000000000010e+01 3.034606497828070882e-10 1.122686560434956697e-12
3.429889000000000010e+01 2.654284832695464877e-10 8.724193609312273993e-13
3.666550999999999760e+01 2.321705708701371526e-10 6.801943462683861463e-13
3.919543000000000177e+01 2.030887623958242400e-10 5.323686167446797258e-13
4.189992000000000161e+01 1.776546032490492995e-10 4.184816902641170795e-13
4.479100999999999999e+01 1.554118113030735753e-10 3.305696172184130533e-13
4.788159000000000276e+01 1.359575960342923716e-10 2.625437412908279356e-13
5.118542000000000058e+01 1.189419167865055563e-10 2.097776036515386488e-13
5.471721000000000146e+01 1.040587170746724145e-10 1.687111094125991346e-13
5.849269999999999925e+01 9.103934043646125255e-11 1.366471803724339623e-13
6.252870000000000061e+01 7.965109452690828812e-11 1.115100878901948466e-13
6.684318000000000382e+01 6.968858735146573265e-11 9.171288817164914561e-14
7.145535999999999888e+01 6.097350895553459617e-11 7.592069261243576879e-14
7.638577999999999690e+01 5.334890773489655426e-11 6.333928978295457739e-14
8.165640000000000498e+01 4.667826194124225816e-11 5.329675620762437317e-14
8.729068999999999789e+01 4.084238308142395376e-11 4.521663632251966130e-14
9.331373999999999569e+01 3.573652694411138932e-11 3.867804678751210825e-14
9.975239000000000544e+01 3.126931316675316519e-11 3.334256211178341335e-14
1.066353000000000009e+02 2.736067487383303149e-11 2.894836753370251030e-14
1.139930999999999983e+02 2.394089161680807851e-11 2.529899605858395781e-14
1.218586999999999989e+02 2.094873688121358817e-11 2.224232217135777329e-14
1.302668999999999926e+02 1.833068317914561013e-11 1.965864681043816238e-14
1.392553000000000054e+02 1.603981017517408738e-11 1.745831602333264938e-14
1.488640000000000043e+02 1.403537521686792680e-11 1.556586645312198142e-14
1.591356000000000108e+02 1.228151154612752844e-11 1.392845854571934273e-14
1.701159000000000106e+02 1.074681602619872180e-11 1.250023514752292218e-14
1.818539000000000101e+02 9.403941469582995367e-12 1.124794563343653220e-14
1.944018000000000086e+02 8.228914149241144480e-12 1.014235421345678894e-14
2.078155999999999892e+02 7.200740419309078281e-12 9.161026984722754278e-15
2.221547999999999945e+02 6.301042289223024169e-12 8.287014704456748251e-15
2.374834999999999923e+02 5.513752476106582899e-12 7.505613405943672763e-15
2.538699000000000012e+02 4.824857448061483093e-12 6.804769457583732094e-15
2.713869000000000256e+02 4.222035811767952082e-12 6.174611068011210038e-15
2.901125999999999863e+02 3.694530474518800080e-12 5.605646486363302836e-15
3.101304000000000087e+02 3.232949583907587352e-12 5.091702448676751936e-15
3.315294000000000096e+02 2.829037409248790786e-12 4.626735703412816497e-15
3.544048999999999978e+02 2.475588889289231772e-12 4.205438167432700591e-15
3.788587999999999738e+02 2.166310921464895033e-12 3.823276339024644432e-15
4.050000999999999749e+02 1.895660068103601833e-12 3.476449763714140120e-15
4.329451000000000249e+02 1.658832947280409877e-12 3.161421990198711342e-15
