1.004374899999999959e+00 7.507473867450710405e-04 1.091647986189483977e-04
1.009396799999999983e+00 7.420056076939755526e-04 1.071990872071841566e-04
1.014443800000000007e+00 7.332862780856396791e-04 1.052725258454421047e-04
1.019516000000000089e+00 7.246058893534813947e-04 1.033791200646890944e-04
1.024613599999999902e+00 7.159771273904285208e-04 1.015184973561955204e-04
1.029736699999999949e+00 7.074003413364697871e-04 9.969578901532985136e-05
1.034885300000000008e+00 6.988789624842681745e-04 9.790510385990532766e-05
1.040059800000000090e+00 6.904040052773117216e-04 9.614606105135857310e-05
1.045260099999999914e+00 6.819849358588181290e-04 9.442373907423425407e-05
1.050486400000000042e+00 6.736131866249070324e-04 9.273232011340597637e-05
1.055738800000000088e+00 6.652920483006533525e-04 9.106610662366079962e-05
1.061017499999999947e+00 6.570189139317243439e-04 8.943548697967911606e-05
1.066322599999999898e+00 6.487886087631329710e-04 8.783474319930466929e-05
1.071654200000000001e+00 6.406044553038007594e-04 8.626354184399715797e-05
1.077012499999999928e+00 6.324640520774611665e-04 8.472154442274626885e-05
1.082397499999999901e+00 6.243599049712089764e-04 8.320843133362553498e-05
1.087809500000000096e+00 6.162978899146902495e-04 8.172386249568524066e-05
1.093248599999999904e+00 6.082679428278778451e-04 8.026751664515242304e-05
1.098714799999999991e+00 6.002736602928105715e-04 7.883393691571628347e-05
1.104208400000000090e+00 5.923103639544962870e-04 7.742798960645959274e-05
1.109729399999999977e+00 5.843738880764742403e-04 7.604936848460006808e-05
1.115278100000000050e+00 5.764624778477713592e-04 7.469268017950657227e-05
1.120854500000000087e+00 5.685722410026242601e-04 7.336274339216070214e-05
1.126458699999999924e+00 5.607018488831889318e-04 7.205925254571401897e-05
1.132090999999999958e+00 5.528448872225533812e-04 7.077689837943208599e-05
1.137751500000000027e+00 5.449978608643999203e-04 6.952042483279505356e-05
1.143440199999999907e+00 5.371550953748027712e-04 6.828459629153746727e-05
1.149157399999999996e+00 5.293156892294985979e-04 6.707409924881233617e-05
1.154903199999999908e+00 5.214718445520049586e-04 6.588374626997678309e-05
1.160677699999999923e+00 5.136160955968617492e-04 6.471819140101392042e-05
1.166481099999999937e+00 5.057458806376271014e-04 6.357229493669275158e-05
1.172313500000000008e+00 4.978496180909450404e-04 6.244584434671426637e-05
1.178175100000000031e+00 4.899207112195587497e-04 6.133862360638132438e-05
1.184066000000000063e+00 4.819529504153542828e-04 6.025519853563632739e-05
1.189986299999999941e+00 4.739314475054770917e-04 5.919053996904645280e-05
1.195936200000000005e+00 4.658440954887800578e-04 5.814443799905334492e-05
1.201915899999999926e+00 4.576837247972679007e-04 5.711668482475692712e-05
1.207925499999999985e+00 4.494283596863389617e-04 5.610707936548197679e-05
1.213965100000000019e+00 4.410612749595542816e-04 5.512007915156883815e-05
1.220034999999999981e+00 4.325642164378573021e-04 5.414614033215218222e-05
1.226135100000000033e+00 4.239073596071170390e-04 5.319436699451769431e-05
1.232265799999999967e+00 4.150639132824531017e-04 5.225530732584189261e-05
1.238427100000000003e+00 4.059961249402641286e-04 5.133797211900192762e-05
1.244619300000000095e+00 3.966594841358927234e-04 5.043300967135159980e-05
1.250842400000000021e+00 3.869973977231630329e-04 4.954482298678885080e-05
1.257096599999999897e+00 3.769354897979128489e-04 4.867771788096210184e-05
1.263382100000000063e+00 3.663866501039039899e-04 4.782248807641456111e-05
1.269698999999999911e+00 3.552202854836822169e-04 4.698346932460320194e-05
1.276047500000000001e+00 3.432664029697070850e-04 4.615604516328392326e-05
1.282427699999999948e+00 3.302791958003070119e-04 4.534891777231493968e-05
1.288839899999999927e+00 3.158853891043282005e-04 4.455306202866998641e-05
1.295284000000000102e+00 2.994756682244582445e-04 4.377273751447211469e-05
1.301760500000000098e+00 2.799558364937158460e-04 4.300688584390333210e-05
1.308269300000000079e+00 2.550299772721548435e-04 4.225448794747184867e-05
1.314810599999999940e+00 2.182246001599120729e-04 4.151582313707726912e-05
1.321384700000000079e+00 1.273978118883121546e-04 4.079030486443448601e-05
1.322979300000000080e+00 -1.865460468099669532e-05 4.061678841074459336e-05
1.323220599999999969e+00 -2.161576683021507856e-05 2.124313841325421671e-04
1.327991600000000050e+00 1.775554319608983419e-04 2.096928909326020100e-04
1.334631600000000029e+00 2.173116623003893159e-04 2.059513431543897851e-04
1.341304700000000016e+00 2.325268959209296103e-04 2.022797834780230787e-04
1.348011199999999965e+00 2.354978717080484485e-04 1.986732048619154227e-04
1.354751299999999992e+00 2.210759417867905554e-04 1.951350532405025093e-04
1.358473899999999901e+00 1.389411570596316137e-04 1.932103557728807755e-04
1.358726099999999937e+00 1.379793828607952199e-04 2.735657390613184113e-04
1.361525000000000096e+00 2.222406490182555745e-04 2.715459210082918112e-04
1.368332700000000068e+00 2.600238317093921266e-04 2.667119838208627637e-04
1.375174300000000072e+00 2.789046876689735884e-04 2.619646726835040611e-04
1.382050199999999895e+00 2.917828307463468012e-04 2.573029759814390556e-04
1.388960500000000042e+00 3.014086565839501578e-04 2.527259494020064239e-04
1.395905299999999905e+00 3.089064682475041522e-04 2.482286060884304432e-04
1.402884800000000043e+00 3.148608386629883171e-04 2.438140895472569187e-04
1.409899199999999908e+00 3.196330800482150123e-04 2.394774518847469179e-04
1.416948700000000061e+00 3.234540074015612807e-04 2.352178237549635686e-04
1.424033499999999952e+00 3.264880089978097082e-04 2.310343440094145934e-04
1.431153600000000026e+00 3.288563725349404878e-04 2.269222410600219670e-04
1.438309400000000071e+00 3.306466747059533034e-04 2.228885568720280074e-04
1.445500900000000088e+00 3.319253378492530268e-04 2.189246036093843786e-04
1.452728400000000031e+00 3.327428011237511794e-04 2.150334851132314315e-04
1.459992100000000015e+00 3.331329414536380652e-04 2.112105063856922814e-04
1.467292000000000041e+00 3.331197972671103426e-04 2.074549384205283333e-04
1.474628499999999898e+00 3.327089975889690869e-04 2.037660014094663211e-04
1.482001600000000030e+00 3.318919026065765684e-04 2.001429791125909131e-04
1.489411700000000005e+00 3.306316435795500172e-04 1.965851069234216301e-04
1.496858699999999986e+00 3.288450905167968844e-04 1.930916940129658011e-04
1.504342999999999986e+00 3.263528389281004048e-04 1.896619897352386024e-04
1.511864700000000061e+00 3.227135507424665770e-04 1.862915501032927205e-04
1.519424000000000108e+00 3.164131118745589681e-04 1.829797197731249971e-04
1.525138300000000058e+00 3.026084010459531744e-04 1.805259873635250165e-04
1.527021200000000078e+00 2.942396380951113220e-04 2.055416429211864252e-04
1.527861600000000042e+00 3.021087066310266297e-04 2.051473683709689072e-04
1.534656299999999973e+00 3.163851416094948287e-04 2.019993066119552146e-04
1.542329499999999909e+00 3.211150611684138851e-04 1.985164636310173209e-04
1.550041199999999897e+00 3.234890322042410565e-04 1.950997314634899402e-04
1.557791399999999937e+00 3.248029177286722020e-04 1.917374942403028020e-04
1.565580399999999983e+00 3.254849355769511596e-04 1.884363767280954928e-04
1.573408300000000093e+00 3.257353663820384345e-04 1.851921105677979847e-04
1.581275299999999939e+00 3.256617819473351543e-04 1.820040678642099259e-04
1.589181699999999919e+00 3.253350024686382509e-04 1.788751726276413729e-04
1.597127600000000092e+00 3.247996536364656096e-04 1.757976875231353716e-04
1.605113199999999907e+00 3.240888371401552562e-04 1.727780989865658565e-04
1.613138799999999984e+00 3.232332019247410610e-04 1.698157385519420692e-04
1.621204499999999937e+00 3.222526974785575255e-04 1.669099652900207103e-04
1.629310500000000106e+00 3.211617433065576724e-04 1.640531935818581404e-04
1.637457099999999999e+00 3.199742217304332725e-04 1.612448770865995598e-04
1.645644300000000060e+00 3.187001288501954818e-04 1.584879394220516937e-04
1.653872599999999915e+00 3.173477700477655115e-04 1.557783552115239571e-04
1.662141899999999950e+00 3.159254018397002358e-04 1.531156314093071907e-04
1.670452599999999954e+00 3.144408134415982371e-04 1.505026164796676379e-04
1.678804900000000044e+00 3.129004766216857657e-04 1.479320128304463739e-04
1.687198900000000057e+00 3.113073364383299197e-04 1.454067229015890638e-04
1.695634899999999945e+00 3.096697058877329696e-04 1.429295688592247535e-04
1.704113100000000047e+00 3.079901716081849756e-04 1.404900499596275316e-04
1.712633700000000037e+00 3.062744950912595901e-04 1.380976745079791769e-04
1.721196799999999971e+00 3.045250575476746223e-04 1.357420575269768369e-04
1.729802800000000085e+00 3.027419434494774304e-04 1.334129911589839238e-04
1.738451799999999992e+00 3.009285139879220509e-04 1.311265059000886848e-04
1.747144100000000089e+00 2.990869122038136815e-04 1.288788802610548790e-04
1.755879799999999991e+00 2.972213459861934907e-04 1.266729159022696454e-04
1.764659200000000094e+00 2.953337708471038669e-04 1.245017283256685803e-04
1.773482500000000073e+00 2.934251071606179886e-04 1.223617600075890106e-04
1.782349900000000043e+00 2.914972560142055943e-04 1.202590357179478611e-04
1.791261699999999957e+00 2.895520279647559943e-04 1.181931378512459058e-04
1.800218000000000096e+00 2.875912420613498241e-04 1.161605254887160846e-04
1.809219099999999969e+00 2.856165970185392988e-04 1.141639601412501001e-04
1.818265199999999915e+00 2.836307302429075315e-04 1.122030417073294672e-04
1.827356500000000050e+00 2.816342859713061590e-04 1.102742798193429708e-04
1.836493300000000106e+00 2.796288057122422316e-04 1.083804000032339752e-04
1.845675699999999919e+00 2.776158417215878740e-04 1.065179554525940060e-04
1.854904099999999945e+00 2.755968058711902226e-04 1.046896419250277277e-04
1.864178600000000019e+00 2.735731523705113273e-04 1.028920497020556122e-04
1.873499500000000095e+00 2.715453238046832514e-04 1.011248390425848164e-04
1.882867000000000068e+00 2.695146779299230767e-04 9.938767883856370570e-05
1.892281399999999891e+00 2.674816115048125214e-04 9.768023566067333496e-05
1.901742800000000067e+00 2.654483247628770695e-04 9.600218945148618972e-05
1.911251500000000103e+00 2.634151436186047183e-04 9.435617058526585906e-05
1.920807699999999896e+00 2.613815536149414163e-04 9.273592886370689672e-05
1.930411799999999900e+00 2.593504208044772438e-04 9.114411079516173482e-05
1.940063799999999894e+00 2.573220791137838703e-04 8.957749812242491296e-05
1.949764199999999947e+00 2.552958865597174045e-04 8.804160848308522714e-05
1.959513000000000060e+00 2.532738416388236697e-04 8.653032918411713930e-05
1.969310499999999964e+00 2.512569719192252714e-04 8.504626396857684024e-05
1.979157099999999891e+00 2.492454318131139012e-04 8.358624486080102375e-05
1.989052899999999902e+00 2.472394473364720731e-04 8.214717647344769655e-05
1.998998100000000111e+00 2.452368292942840359e-04 8.072601771834489763e-05
2.008993100000000087e+00 2.432385761818628054e-04 7.933103382807273833e-05
2.019038099999999947e+00 2.412456988483881605e-04 7.795913152127309682e-05
2.029133299999999807e+00 2.392576286357054379e-04 7.661006187381957163e-05
2.039279000000000064e+00 2.372768527166391032e-04 7.528634661113365852e-05
2.049475399999999947e+00 2.353020057418480824e-04 7.398494135101797080e-05
2.059722700000000017e+00 2.333347716196777387e-04 7.270285906016833418e-05
2.070021300000000064e+00 2.313745016657999497e-04 7.144535572731388880e-05
2.080371400000000204e+00 2.294220860424382431e-04 7.020943510042186955e-05
2.090773299999999946e+00 2.274783592129221363e-04 6.899485808217490561e-05
2.101227199999999851e+00 2.255427067945107121e-04 6.780139106751372304e-05
2.111733300000000035e+00 2.236159632221415669e-04 6.662880240287111645e-05
2.122291999999999845e+00 2.216981837397580994e-04 6.547685620480056198e-05
2.132903400000000005e+00 2.197901819825922795e-04 6.434267754327811664e-05
2.143568000000000140e+00 2.178919667470821046e-04 6.322870884277717097e-05
2.154285799999999806e+00 2.160029630803716062e-04 6.213473248869601207e-05
2.165057200000000126e+00 2.141238935295291038e-04 6.106052093619901866e-05
2.175882500000000164e+00 2.122554719631825450e-04 6.000325355039511771e-05
2.186761900000000036e+00 2.103970748749238592e-04 5.896533676987719165e-05
2.197695700000000141e+00 2.085493983955049929e-04 5.794397952725329875e-05
2.208684199999999986e+00 2.067124597613505005e-04 5.694156326096704539e-05
2.219727600000000134e+00 2.048862931884849812e-04 5.595532884345421883e-05
2.230826299999999929e+00 2.030708940002435637e-04 5.498763313618552912e-05
2.241980400000000095e+00 2.012669426723642341e-04 5.403574839558993932e-05
2.253190299999999979e+00 1.994744126297117522e-04 5.309950059822345178e-05
2.264456200000000141e+00 1.976926929702377148e-04 5.218121871125092000e-05
2.275778499999999926e+00 1.959230002212015303e-04 5.127821052838061662e-05
2.287157399999999896e+00 1.941641078024817645e-04 5.039031161427876378e-05
2.298593200000000003e+00 1.924172229281959881e-04 4.951735670673360241e-05
2.310086200000000201e+00 1.906817187513754736e-04 4.865918205669905126e-05
2.321636600000000161e+00 1.889581859523998294e-04 4.781806257182265736e-05
2.333244800000000119e+00 1.872465746258864948e-04 4.699137599982067948e-05
2.344911000000000190e+00 1.855468668656016823e-04 4.617655425749805172e-05
2.356635600000000164e+00 1.838590121080216464e-04 4.537827147122418768e-05
2.368418699999999877e+00 1.821830062802035034e-04 4.459156518485664594e-05
2.380260799999999843e+00 1.805187823566137739e-04 4.382106252709164445e-05
2.392162100000000180e+00 1.788668742544084148e-04 4.306184964830426826e-05
2.404122999999999788e+00 1.772266642475080450e-04 4.231615947885598991e-05
2.416143599999999836e+00 1.755992324354254503e-04 4.158384465154588155e-05
2.428224300000000113e+00 1.739834164832907576e-04 4.086475380997346034e-05
2.440365400000000129e+00 1.723797114421273078e-04 4.015642212721437482e-05
2.452567199999999836e+00 1.707880628112237568e-04 3.946334752832509214e-05
2.464830099999999913e+00 1.692084021833528207e-04 3.877846743718217577e-05
2.477154200000000195e+00 1.676412198185710635e-04 3.810855596428813140e-05
2.489539999999999864e+00 1.660864180147151226e-04 3.744889095583569730e-05
2.501987699999999926e+00 1.645434329615607142e-04 3.680162567175619437e-05
2.514497599999999888e+00 1.630122095931457672e-04 3.616437112000826109e-05
2.527070099999999986e+00 1.614936743289473295e-04 3.553925720383822406e-05
2.539705500000000171e+00 1.599867581419447135e-04 3.492391970674282208e-05
2.552404000000000117e+00 1.584923935087924590e-04 3.432047117883545373e-05
2.565166000000000057e+00 1.570100011607775451e-04 3.372657040994630909e-05
2.577991899999999781e+00 1.555394998743655902e-04 3.314430730324778292e-05
2.590881800000000013e+00 1.540813179382977095e-04 3.257136880619243753e-05
2.603836199999999934e+00 1.526348800389549197e-04 3.200765253924370924e-05
2.616855399999999943e+00 1.512005816838681352e-04 3.145522000550158540e-05
2.629939699999999991e+00 1.497783409870708426e-04 3.091179129922632139e-05
2.643089400000000033e+00 1.483680764335887738e-04 3.037726940972928773e-05
2.656304800000000021e+00 1.474399703363634469e-04 2.984517326547283416e-05
2.669586300000000190e+00 1.460473998532509934e-04 2.932185487373059439e-05
2.682934299999999883e+00 1.446661736755412069e-04 2.880721825971532137e-05
2.696348899999999826e+00 1.432958094610698580e-04 2.830117151646750436e-05
2.709830699999999926e+00 1.419370859123422833e-04 2.780361823090470692e-05
2.723379800000000017e+00 1.408057163338054284e-04 2.731446809391655672e-05
2.736996700000000171e+00 1.394662196592723617e-04 2.683362749094044927e-05
2.750681699999999896e+00 1.381377615748699355e-04 2.635895041817893898e-05
2.764435100000000034e+00 1.368202756141316772e-04 2.589446771764627650e-05
2.778257299999999930e+00 1.355136856349805957e-04 2.543598887698658582e-05
2.792148599999999981e+00 1.342175184668222693e-04 2.498548069448027568e-05
2.806109300000000140e+00 1.329329301718891053e-04 2.454487013597821465e-05
2.820139900000000033e+00 1.316586144744045649e-04 2.411002914715108393e-05
2.834240600000000221e+00 1.303957135908451605e-04 2.368489191547606176e-05
2.848411800000000049e+00 1.291433470141469843e-04 2.326735768836133073e-05
2.862653900000000196e+00 1.279018288048029803e-04 2.285536632038774751e-05
2.876967099999999888e+00 1.266710922063621683e-04 2.245279451574243380e-05
2.891351999999999922e+00 1.254510355240855200e-04 2.205561693438176963e-05
2.905808700000000133e+00 1.242419776836413262e-04 2.166572767833980565e-05
2.920337799999999984e+00 1.230434351779385329e-04 2.128304289323224271e-05
2.934939400000000198e+00 1.218557200297495328e-04 2.090940943923120623e-05
2.949614099999999794e+00 1.206787230344052281e-04 2.053896627621073020e-05
2.964362200000000058e+00 1.195127224457863033e-04 2.017741277188294120e-05
2.979184000000000054e+00 1.183579826327072501e-04 1.982274399207406825e-05
2.994079900000000016e+00 1.172204138743707075e-04 1.947299308129411816e-05
3.009050300000000178e+00 1.161288341807609084e-04 1.912059508097061113e-05
3.024095599999999884e+00 1.150175118622362718e-04 1.876935178036768284e-05
3.039216099999999976e+00 1.139113117208559564e-04 1.842466463535173096e-05
3.054412199999999800e+00 1.129559640443421364e-04 1.808608918927944549e-05
3.069684200000000196e+00 1.118631300372252872e-04 1.775042707754265694e-05
3.085032599999999903e+00 1.107778564234282144e-04 1.742132204756324007e-05
3.100457800000000042e+00 1.097007899979818909e-04 1.709833415968898526e-05
3.115960100000000121e+00 1.086322306791391470e-04 1.678139483394967487e-05
3.131539899999999932e+00 1.075721341449683329e-04 1.647043554814321261e-05
3.147197600000000151e+00 1.065207766689900838e-04 1.616520877621616906e-05
3.162933600000000123e+00 1.054784218139729062e-04 1.586582866948596092e-05
3.178748199999999802e+00 1.044443845827369721e-04 1.557222905200567734e-05
3.194641999999999982e+00 1.034195411380749087e-04 1.528398894647004319e-05
3.210615199999999891e+00 1.024035247323895810e-04 1.500104915444087243e-05
3.226668300000000045e+00 1.013962667734162132e-04 1.472369998440726625e-05
3.242801599999999951e+00 1.003980137552870400e-04 1.445135456088754796e-05
3.259015600000000124e+00 9.940839006724348705e-05 1.418412997299470822e-05
3.275310699999999908e+00 9.842792684982290888e-05 1.392196822274268780e-05
3.291687299999999983e+00 9.745595988602505648e-05 1.366481183798617131e-05
3.308145699999999856e+00 9.649272518452948891e-05 1.341243337909269989e-05
3.324686400000000042e+00 9.553843573191915278e-05 1.316477853724455631e-05
3.341309900000000166e+00 9.459272513881245893e-05 1.292162433027691713e-05
3.358016399999999901e+00 9.365581922085529343e-05 1.268325786147716977e-05
3.374806500000000042e+00 9.272735286389882127e-05 1.244912084671181216e-05
3.391680500000000098e+00 9.180754162367339851e-05 1.221966676096279503e-05
3.408638900000000138e+00 9.089603300093655627e-05 1.199434367471660037e-05
3.425682099999999952e+00 8.999303269568263166e-05 1.177310551747500886e-05
3.442810500000000218e+00 8.909873611757812713e-05 1.155623504757418857e-05
3.460024600000000117e+00 8.821252785806901070e-05 1.134335499665308899e-05
3.477324700000000046e+00 8.733461246641017648e-05 1.113442088129243083e-05
3.494711300000000076e+00 8.646517429554278101e-05 1.092938796104285031e-05
3.512184899999999832e+00 8.560361602146398282e-05 1.072821192057172446e-05
3.529745800000000155e+00 8.475039079702981432e-05 1.053084946128096993e-05
3.547394499999999784e+00 8.390516521440598914e-05 1.033709769314814658e-05
3.565131500000000120e+00 8.306811651219280911e-05 1.014707446049303152e-05
3.582957200000000064e+00 8.223867539267167481e-05 9.960421754627342558e-06
3.600871900000000014e+00 8.141752182831758669e-05 9.777416500896144667e-06
3.618876300000000157e+00 8.060383417162007152e-05 9.597859956102601151e-06
3.636970700000000001e+00 7.979827911112938831e-05 9.421557968163150114e-06
3.655155499999999780e+00 7.900030217531628612e-05 9.248474214237868349e-06
3.673431299999999844e+00 7.820983064406535382e-05 9.078726095759411945e-06
3.691798499999999983e+00 7.742703415635439671e-05 8.912122527086943546e-06
3.710257499999999986e+00 7.665184291375947041e-05 8.748628177386289813e-06
3.728808799999999923e+00 7.588418365289998323e-05 8.588207794917912980e-06
3.747452800000000028e+00 7.512398796129241192e-05 8.430826681391383789e-06
3.766190100000000207e+00 7.437095625387535390e-05 8.276299893309580586e-06
3.785020999999999969e+00 7.362525383229478343e-05 8.124595823873839728e-06
3.803946100000000108e+00 7.288680646193596154e-05 7.975831112973080908e-06
3.822965899999999806e+00 7.215554470456418505e-05 7.829824200308162119e-06
3.842080699999999904e+00 7.143140733147058333e-05 7.686250036155421248e-06
3.861291099999999865e+00 7.071432243952690243e-05 7.545228328879273182e-06
3.880597499999999922e+00 7.000422631594959886e-05 7.407022198970242182e-06
3.900000499999999981e+00 6.930104866110501814e-05 7.271309000533620366e-06
3.919500499999999832e+00 6.860472711843162270e-05 7.138205254839292239e-06
3.939097999999999988e+00 6.791519638482832399e-05 7.007394110872277966e-06
3.958793500000000076e+00 6.723239186101135473e-05 6.879135930427975701e-06
3.978587500000000166e+00 6.655624963946425623e-05 6.753259332013901149e-06
3.998480400000000046e+00 6.588690839358249483e-05 6.629737585856657459e-06
4.018472799999999623e+00 6.522390298827041542e-05 6.508543868143552518e-06
4.038565199999999855e+00 6.456756680276171513e-05 6.389511785890213266e-06
4.058758000000000088e+00 6.391764318685130451e-05 6.272756705671699106e-06
4.079051800000000227e+00 6.327406833720044545e-05 6.158113930572096097e-06
4.099447099999999899e+00 6.263697126433965439e-05 6.045697733477248559e-06
4.119944300000000226e+00 6.200610296759608106e-05 5.935345558688381175e-06
4.140544000000000224e+00 6.138140169035398083e-05 5.827034056228137468e-06
4.161246700000000409e+00 6.076280937327793816e-05 5.720604377527852313e-06
4.182052999999999798e+00 6.015044721835465278e-05 5.616305999145339176e-06
4.202963200000000121e+00 5.954407896860755686e-05 5.513845567268800252e-06
4.223978100000000069e+00 5.894381781241633990e-05 5.413336163124980887e-06
4.245097999999999594e+00 5.834943228321883035e-05 5.314755872876418572e-06
4.266323400000000099e+00 5.776086726315502471e-05 5.217817688771408195e-06
4.287655100000000274e+00 5.717823289392891457e-05 5.122898983785097816e-06
4.309093299999999793e+00 5.660130722635113945e-05 5.029582965244232658e-06
4.330638800000000010e+00 5.603019833414147255e-05 4.937982348577491722e-06
4.352292000000000272e+00 5.546468349374738838e-05 4.848207882604269937e-06
4.374053499999999595e+00 5.490487398981330292e-05 4.759979927490974056e-06
4.395923699999999990e+00 5.435055147775639134e-05 4.673410217326444926e-06
4.417903299999999867e+00 5.380182263570871382e-05 4.588479788360915804e-06
4.439992900000000020e+00 5.325862978596663340e-05 4.505042635190692351e-06
4.462192800000000403e+00 5.272076357718949105e-05 4.423209150067345691e-06
4.484503799999999707e+00 5.218832540007719981e-05 4.342960780326462800e-06
4.506926299999999941e+00 5.166110778152841821e-05 4.264028664457315594e-06
4.529460900000000123e+00 5.113921487823444757e-05 4.186648157927096152e-06
4.552108200000000160e+00 5.062243881001035921e-05 4.110677199110625326e-06
4.574868799999999958e+00 5.011088186394142195e-05 4.036223515367460110e-06
4.597743099999999750e+00 4.960449496667738046e-05 3.963023811358341610e-06
4.620731799999999723e+00 4.910307432728681188e-05 3.891186627187835477e-06
4.643835499999999783e+00 4.860686663076890589e-05 3.820696543363794258e-06
4.667054699999999556e+00 4.811538056477901996e-05 3.751417228191002556e-06
4.690389999999999837e+00 4.762900670971057394e-05 3.683576411044539386e-06
4.713841900000000251e+00 4.714740638242804208e-05 3.616797560776394083e-06
4.737411100000000097e+00 4.667067330211292829e-05 3.551427318906655799e-06
4.761098200000000169e+00 4.619875804848120536e-05 3.487211674384052825e-06
4.784903700000000093e+00 4.573147499403639924e-05 3.424137869127309906e-06
4.808828199999999775e+00 4.526905450806917688e-05 3.362193184929557695e-06
4.832872300000000010e+00 4.481117273794286136e-05 3.301481997449469019e-06
4.857036700000000096e+00 4.435778461902588799e-05 3.241757212665144729e-06
4.881321899999999658e+00 4.390911577164907203e-05 3.183239905778774891e-06
4.905728500000000381e+00 4.346485204107848897e-05 3.125800843754526347e-06
4.930257100000000392e+00 4.302508223414096034e-05 3.069427882959815302e-06
4.954908399999999880e+00 4.258975934995178200e-05 3.013994831542706139e-06
4.979682900000000245e+00 4.215884037863504009e-05 2.959605060937853663e-06
5.004581400000000180e+00 4.173215091762215559e-05 2.906246629521309678e-06
5.029604299999999917e+00 4.130990541479148811e-05 2.853907940232117423e-06
5.054752299999999643e+00 4.089180660136297065e-05 2.802465481280483412e-06
5.080026000000000153e+00 4.047793843496229918e-05 2.752020705252663270e-06
5.105426200000000136e+00 4.006825541737616319e-05 2.702451364465433732e-06
5.130953299999999828e+00 3.966271887826372777e-05 2.653858099699422906e-06
5.156608099999999695e+00 3.926128431398494159e-05 2.606119963915497791e-06
5.182391100000000250e+00 3.886379411720306367e-05 2.559227539524990221e-06
5.208303100000000185e+00 3.847044244686858758e-05 2.513171343468282428e-06
5.234344600000000014e+00 3.808095549623999202e-05 2.468050132426520135e-06
5.260516299999999923e+00 3.769541042050025603e-05 2.423638092842291339e-06
5.286818900000000099e+00 3.731388024971525423e-05 2.380141527274698142e-06
5.313252999999999560e+00 3.693609795636295794e-05 2.337443388549474620e-06
5.339819199999999988e+00 3.656213998766960881e-05 2.295428842859193259e-06
5.366518300000000075e+00 3.619196574313869065e-05 2.254301196922622863e-06
5.393350899999999726e+00 3.582553782865588883e-05 2.213840429330073385e-06
5.420317700000000016e+00 3.546281791968965998e-05 2.174143645503893864e-06
5.447419299999999964e+00 3.510366242860131752e-05 2.135202198084475484e-06
5.474656399999999756e+00 3.474824893816585742e-05 2.096904212609768665e-06
5.502029699999999579e+00 3.439643232320607752e-05 2.059345451979518790e-06
5.529539800000000227e+00 3.404817719710886379e-05 2.022517493779211383e-06
5.557187500000000391e+00 3.370344609642171677e-05 1.986310186954875743e-06
5.584973399999999977e+00 3.336210264005477056e-05 1.950716780747947992e-06
5.612898300000000340e+00 3.302431483452040025e-05 1.915831236039053890e-06
5.640962799999999611e+00 3.268994605480050349e-05 1.881545198208507703e-06
5.669167599999999752e+00 3.235896167851768686e-05 1.847951790748274155e-06
5.697513500000000342e+00 3.203132634963236857e-05 1.814943728111235962e-06
5.726001000000000118e+00 3.170700848659657072e-05 1.782514601754143085e-06
5.754630999999999830e+00 3.138597238794511233e-05 1.750264969185567425e-06
5.783404199999999662e+00 3.106818500597496440e-05 1.718389845446742161e-06
5.812321200000000410e+00 3.075352072596790126e-05 1.687177648749992342e-06
5.841382799999999875e+00 3.044204198967515539e-05 1.656523829926049983e-06
5.870589700000000022e+00 3.013371679951599432e-05 1.626422167634589726e-06
5.899942700000000428e+00 2.982842127611274880e-05 1.596866469184042612e-06
5.929442400000000113e+00 2.952621818454065033e-05 1.567564617932208365e-06
5.959089600000000431e+00 2.922698613056311698e-05 1.538894283444550535e-06
5.988884999999999792e+00 2.893078568760436850e-05 1.510753630260630275e-06
6.018829499999999832e+00 2.863749698307444869e-05 1.483042720100557625e-06
6.048923600000000178e+00 2.834718137227435484e-05 1.455944022691324923e-06
6.079168199999999800e+00 2.805980730314390769e-05 1.429357238395579337e-06
6.109564100000000053e+00 2.777525949060519241e-05 1.403276545764482086e-06
6.140111899999999956e+00 2.749351240161545398e-05 1.377604148582964880e-06
6.170812500000000256e+00 2.721470482660883120e-05 1.352518912724951744e-06
6.201666499999999971e+00 2.693864166005908290e-05 1.327831524575520793e-06
6.232674900000000129e+00 2.666529469702765481e-05 1.303628395474478299e-06
6.263838200000000356e+00 2.639480219740861328e-05 1.279904021231087840e-06
6.295157399999999903e+00 2.612697147679691928e-05 1.256563037675471746e-06
6.326633199999999846e+00 2.586177780338696651e-05 1.233690699056218396e-06
6.358266399999999763e+00 2.559935295029977160e-05 1.211192668605363037e-06
6.390057699999999841e+00 2.533951246790025778e-05 1.189241863865535226e-06
6.422007999999999939e+00 2.508230780338106827e-05 1.167567519655388003e-06
6.454118000000000244e+00 2.482763674263981034e-05 1.146342195711409210e-06
6.486388599999999727e+00 2.457562524928418233e-05 1.125560635167113356e-06
6.518820599999999743e+00 2.432609545637805912e-05 1.105130923400683916e-06
6.551414699999999591e+00 2.407909844144950529e-05 1.085049229033625673e-06
6.584171699999999738e+00 2.383453533076879450e-05 1.065397601157704489e-06
6.915365000000000428e+00 2.156664600469625592e-05 8.875765260317623147e-07
7.392525000000000013e+00 1.880529540012683515e-05 6.923491885035178305e-07
7.902608999999999995e+00 1.639180279382503782e-05 5.408033823459074617e-07
8.447889999999999233e+00 1.428125226305412383e-05 4.229745752009526450e-07
9.030794000000000210e+00 1.243360791941947643e-05 3.301167957223380124e-07
9.653919000000000139e+00 1.080737766175400525e-05 2.548217150397817251e-07
1.032004000000000055e+01 9.365751273588298188e-06 1.970142709604502816e-07
1.103212000000000081e+01 8.055234927400873311e-06 1.525617012953837488e-07
1.162936999999999976e+01 6.972895133628976812e-06 1.247951409797564771e-07
1.179334000000000060e+01 6.511111297916304164e-06 1.183334127325696964e-07
1.180737000000000059e+01 6.445836190197675007e-06 1.178001847292616601e-07
1.185482999999999976e+01 6.012695978311561233e-06 1.160219085851522790e-07
1.192603000000000080e+01 6.327203406303802798e-06 8.572543122385298792e-07
1.210402999999999984e+01 6.481315026611609643e-06 8.068617766169263857e-07
1.260707999999999984e+01 6.232512851967356698e-06 6.857421712008947600e-07
1.347696999999999967e+01 5.600145011682195972e-06 5.362725628910139153e-07
1.440687999999999924e+01 4.969121692806518421e-06 4.228620602953635362e-07
1.540094999999999992e+01 4.388471018804373934e-06 3.345221943233497702e-07
1.646361999999999881e+01 3.865021368880589701e-06 2.624174901239655389e-07
1.759960999999999842e+01 3.396898860951431165e-06 2.054677418851507641e-07
1.881398000000000081e+01 2.981337660667035450e-06 1.606450979151305330e-07
2.011214999999999975e+01 2.614030210386306299e-06 1.254975169377361149e-07
2.149988000000000099e+01 2.290348855736919293e-06 9.802029275701141127e-08
2.298338000000000036e+01 2.005743214854638851e-06 7.658541146260429380e-08
2.456923000000000101e+01 1.757740377457155705e-06 5.977347792126758821e-08
2.626450000000000173e+01 1.538268107399535897e-06 4.659718909091484639e-08
2.807676000000000016e+01 1.346048587827264544e-06 3.615946990262276039e-08
3.001405000000000101e+01 1.177490285456783447e-06 2.802594204694658967e-08
3.208502000000000010e+01 1.029890967010323035e-06 2.173617509680544315e-08
3.429889000000000010e+01 9.007200900636639926e-07 1.685860873906892977e-08
3.666550999999999760e+01 7.877099767866615967e-07 1.308247274320789287e-08
3.919543000000000177e+01 6.888619172376704648e-07 1.016075121167272040e-08
4.189992000000000161e+01 6.024158755752156631e-07 7.898743674422451634e-09
4.479100999999999999e+01 5.268243937250376002e-07 6.146675206429666046e-09
4.788159000000000276e+01 4.607289699925590731e-07 4.789069808462027707e-09
5.118542000000000058e+01 4.029378527572424492e-07 3.736294737651205089e-09
5.471721000000000146e+01 3.524030718742017162e-07 2.904860094804561153e-09
5.849269999999999925e+01 3.082106243874742345e-07 2.261842623233872330e-09
6.252870000000000061e+01 2.695664561930440560e-07 1.765226655966629411e-09
6.684318000000000382e+01 2.357746567452455024e-07 1.380978656284415064e-09
7.145535999999999888e+01 2.062256512384423036e-07 1.083523419130412869e-09
7.638577999999999690e+01 1.803853495966874155e-07 8.529072566072931782e-10
8.165640000000000498e+01 1.577880717378045573e-07 6.732128541294462701e-10
8.729068999999999789e+01 1.380253435850465238e-07 5.325595290186958330e-10
9.331373999999999569e+01 1.207411494346957139e-07 4.233138132502097863e-10
9.975239000000000544e+01 1.056238840080375580e-07 3.382731429208022873e-10
1.066353000000000009e+02 9.240187547060114822e-08 2.718839090660855241e-10
1.139930999999999983e+02 8.083699054043890448e-08 2.198866268620839704e-10
1.218586999999999989e+02 7.072112287033627381e-08 1.790314443530534884e-10
1.302668999999999926e+02 6.187257695866977020e-08 1.467875172447910217e-10
1.392553000000000054e+02 5.413226524084679053e-08 1.212282097746371932e-10
1.488640000000000043e+02 4.736106630021776953e-08 1.008670835383862820e-10
1.591356000000000108e+02 4.143753167571823371e-08 8.455493031556490334e-11
1.701159000000000106e+02 3.625553836375372208e-08 7.140719182116676652e-11
1.818539000000000101e+02 3.172194338893357700e-08 6.073912951624044412e-11
1.944018000000000086e+02 2.775568036805505689e-08 5.202317570829565180e-11
2.078155999999999892e+02 2.428559901849716911e-08 4.485125193643861889e-11
2.221547999999999945e+02 2.124957839364435740e-08 3.890505649486939026e-11
2.374834999999999923e+02 1.859330972953008408e-08 3.393476595980260653e-11
2.538699000000000012e+02 1.626917961967366300e-08 2.975355268837598600e-11
2.713869000000000256e+02 1.423574066870088285e-08 2.620404366675683136e-11
2.901125999999999863e+02 1.245649073729135847e-08 2.317001638582146736e-11
3.101304000000000087e+02 1.089971697849684353e-08 2.056067341889610969e-11
3.315294000000000096e+02 9.537563489246033899e-09 1.829907869222817818e-11
3.544048999999999978e+02 8.345692309561938493e-09 1.632832503483324697e-11
3.788587999999999738e+02 7.302786903469718279e-09 1.460229633314346064e-11
4.050000999999999749e+02 6.390242487307428028e-09 1.308214501635415305e-11
4.329451000000000249e+02 5.591746435237376218e-09 1.173774844542831216e-11
