2.080732999999999944e+00 1.069753168860312751e-04 1.445542005402182658e-06
2.224304000000000059e+00 9.345836874489910225e-05 1.109501129206375020e-06
2.377781000000000144e+00 8.166076651052821386e-05 8.517772940928131577e-07
2.541847999999999885e+00 7.136155297955668639e-05 6.540065020543804495e-07
2.717235000000000067e+00 6.236897450609972711e-05 5.022617337524492635e-07
2.904723999999999862e+00 5.451574938654031881e-05 3.858159462646158005e-07
3.105150000000000077e+00 4.765809465412206144e-05 2.952246372787742710e-07
3.319405999999999857e+00 4.166574914103006813e-05 2.251110633289325397e-07
3.548445000000000071e+00 3.642951593932580132e-05 1.716423426944969967e-07
3.793287999999999993e+00 3.185345477928764858e-05 1.303087033124305514e-07
4.055024000000000406e+00 2.785403715590926090e-05 9.898752845309485865e-08
4.334820999999999813e+00 2.435829654553420829e-05 7.525023153857567525e-08
4.633924000000000376e+00 2.130258366452755076e-05 5.725305614169212260e-08
4.953663999999999845e+00 1.863124593104287287e-05 4.360086388653105358e-08
5.295467000000000368e+00 1.629575862180781409e-05 3.324499684114741454e-08
5.660854999999999748e+00 1.425370758682973293e-05 2.538475211783825981e-08
6.051453000000000415e+00 1.246812641628891045e-05 1.941386727381544225e-08
6.469003999999999976e+00 1.090665459991450787e-05 1.487396199209131873e-08
6.915365000000000428e+00 9.541081292954217677e-06 1.142083638811766726e-08
7.392525000000000013e+00 8.346783978109476016e-06 8.793399322161059935e-09
7.902608999999999995e+00 7.302185385635588930e-06 6.791034234542540805e-09
8.447889999999999233e+00 6.388494413408742386e-06 5.263790037744916484e-09
9.030794000000000210e+00 5.589265086976468670e-06 4.092096689487388629e-09
9.653919000000000139e+00 4.890129497553840695e-06 3.183432596413698110e-09
2.011214999999999975e+01 1.125486591795175284e-06 3.434330533097471846e-10
2.149988000000000099e+01 9.848390991426275736e-07 2.971755275232018295e-10
2.298338000000000036e+01 8.617716299007207012e-07 2.594059826425533889e-10
2.456923000000000101e+01 7.540881815591792992e-07 2.282341067084989630e-10
2.626450000000000173e+01 6.598619061481383460e-07 2.022580236657168802e-10
2.807676000000000016e+01 5.774111891150769486e-07 1.803082974524934002e-10
3.001405000000000101e+01 5.052653896448905196e-07 1.616428277164019552e-10
3.208502000000000010e+01 4.421346708116456070e-07 1.456122696110123008e-10
3.429889000000000010e+01 3.868925665487577953e-07 1.317207930204761298e-10
3.666550999999999760e+01 3.385541238475104073e-07 1.195644350788195135e-10
3.919543000000000177e+01 2.962550445430244604e-07 1.088402252349763982e-10
4.189992000000000161e+01 2.592412779802464118e-07 9.931480744082915065e-11
4.479100999999999999e+01 2.268529794765871143e-07 9.078488087626575082e-11
4.788159000000000276e+01 1.985106724354206461e-07 8.311813572578969439e-11
5.118542000000000058e+01 1.737100603025044145e-07 7.618622572714513353e-11
5.471721000000000146e+01 1.520078966527801421e-07 6.989263358684384633e-11
5.849269999999999925e+01 1.330170242219909906e-07 6.416204088095098694e-11
6.252870000000000061e+01 1.163989761808923839e-07 5.892491123898597211e-11
6.684318000000000382e+01 1.018570627313830623e-07 5.413152861304827825e-11
7.145535999999999888e+01 8.913207019306461289e-08 4.973434814905799977e-11
7.638577999999999690e+01 7.799681062288822260e-08 4.569765454676241454e-11
8.165640000000000498e+01 6.825267609885701516e-08 4.198345407682073230e-11
8.729068999999999789e+01 5.972587933773543476e-08 3.856905910674330432e-11
9.331373999999999569e+01 5.226444517309741335e-08 3.542303284746603882e-11
9.975239000000000544e+01 4.573505228742483707e-08 3.252478867587033661e-11
2.078155999999999892e+02 1.053739909237324767e-08 1.242887141679520494e-11
2.221547999999999945e+02 9.221006264729954063e-09 1.136349633410942151e-11
2.374834999999999923e+02 8.069058013703386322e-09 1.038485188430806875e-11
2.538699000000000012e+02 7.061017628636476795e-09 9.487041805478057893e-12
2.713869000000000256e+02 6.178898919983641657e-09 8.665315334986257705e-12
2.901125999999999863e+02 5.406991272765760507e-09 7.911108917951675980e-12
3.101304000000000087e+02 4.731514468703349917e-09 7.220726243623143818e-12
3.315294000000000096e+02 4.140423413293602570e-09 6.588765048462216690e-12
3.544048999999999978e+02 3.623175871023650380e-09 6.010480034032340201e-12
3.788587999999999738e+02 3.170546246988031924e-09 5.481619073994209054e-12
4.050000999999999749e+02 2.774460781272585229e-09 4.998124330230525733e-12
4.329451000000000249e+02 2.427857504506822801e-09 4.556260472829245112e-12
