1.040955999999999992e+00 3.391428355095995077e-04 2.549852792278310687e-04
1.056888999999999967e+00 3.171712121687848634e-04 2.421234051876421317e-04
1.061137999999999915e+00 2.961602039249021487e-04 2.388368614794525002e-04
1.067676000000000069e+00 3.142199377096461729e-04 2.719623047219922639e-04
1.083444000000000074e+00 3.251802486099502265e-04 2.583787396451395950e-04
1.113966000000000012e+00 3.211476973952161001e-04 2.344914705437130720e-04
1.131016999999999939e+00 3.115814045492123368e-04 2.228653390337297893e-04
1.135563000000000100e+00 3.032359743248649354e-04 2.199113590680230792e-04
1.141345000000000054e+00 3.084040070916064602e-04 2.305546730878420291e-04
1.142384000000000066e+00 3.091040963740342281e-04 2.298492406636843083e-04
1.159434000000000076e+00 3.110944503111334205e-04 2.187016181626882656e-04
1.220097999999999905e+00 2.971189191271558653e-04 1.850325481320209595e-04
1.266944000000000070e+00 2.817996478056713052e-04 1.642138243366439161e-04
1.286335999999999924e+00 2.732207748720288628e-04 1.565839199147645228e-04
1.291506999999999961e+00 2.680892898691524450e-04 1.546361278228944823e-04
1.299263999999999974e+00 2.697155460617287818e-04 1.589886945374347968e-04
1.304284999999999917e+00 2.696918647629039886e-04 1.571058017659208474e-04
1.318656000000000050e+00 2.676750772359928711e-04 1.518897495717487142e-04
1.394281000000000104e+00 2.502817499046469901e-04 1.269261514715899341e-04
1.490485999999999978e+00 2.267146586683533780e-04 1.019619421405998377e-04
1.593328999999999995e+00 2.033342488243722952e-04 8.171154613833273624e-05
1.703268999999999922e+00 1.811847434196530999e-04 6.542649891390758994e-05
1.820794999999999941e+00 1.606583657927337960e-04 5.225364345185485015e-05
1.946430000000000105e+00 1.419134311201669587e-04 4.173643424520384984e-05
2.080732999999999944e+00 1.250106328938587375e-04 3.336330129859276363e-05
2.224304000000000059e+00 1.101133669981622823e-04 2.665169068131843241e-05
2.377781000000000144e+00 9.673123805481765865e-05 2.127310965741277977e-05
2.541847999999999885e+00 8.476928699447634850e-05 1.699271587441484766e-05
2.717235000000000067e+00 7.422611527229919682e-05 1.358420969468636277e-05
2.904723999999999862e+00 6.491657906420361039e-05 1.087256041695606840e-05
3.105150000000000077e+00 5.678384735860760561e-05 8.640978694153168910e-06
3.319405999999999857e+00 4.954674381736627094e-05 6.785026974697947589e-06
3.548445000000000071e+00 4.312972803034186334e-05 5.328174963666363356e-06
3.793287999999999993e+00 3.746569041644299847e-05 4.190707951965820108e-06
4.055024000000000406e+00 3.246651676781229557e-05 3.302810595160610107e-06
4.334820999999999813e+00 2.803441980050611773e-05 2.608544957445158608e-06
4.633924000000000376e+00 2.404876384481502671e-05 2.063322810685562797e-06
4.953663999999999845e+00 2.026709268874709666e-05 1.626693605513352170e-06
5.142059999999999853e+00 1.782595455621226475e-05 1.422842492234634838e-06
5.220765000000000100e+00 1.603718755573933379e-05 1.347551401810595515e-06
5.241753000000000107e+00 1.446971495442592159e-05 1.328387059507271963e-06
5.273234999999999673e+00 1.570132366484057622e-05 4.062086386749787628e-06
5.295467000000000368e+00 1.610766832755378076e-05 3.991559555197333229e-06
5.351939999999999920e+00 1.639976698600498773e-05 3.819427659639264104e-06
5.511128000000000249e+00 1.590940293787792133e-05 3.382775658201790816e-06
5.595481999999999623e+00 1.511494065882777545e-05 3.190329477191777857e-06
5.617975999999999637e+00 1.441956787832290307e-05 3.141781603001754210e-06
5.651717999999999797e+00 1.492592324625233402e-05 4.270367687685154796e-06
5.660854999999999748e+00 1.500342222202783153e-05 4.243161436617802711e-06
5.736072000000000060e+00 1.513509360711628528e-05 4.028407428970761266e-06
5.869023999999999575e+00 1.480409210839393810e-05 3.683970900174056915e-06
5.958855999999999931e+00 1.433297049335107508e-05 3.477586963013721717e-06
5.982810999999999879e+00 1.399428193656666473e-05 3.425914544323252677e-06
6.018743999999999872e+00 1.415600756123734655e-05 3.874497438555940912e-06
6.051453000000000415e+00 1.418153046674018552e-05 3.800599493890325482e-06
6.108576000000000228e+00 1.411037055770816387e-05 3.676362326710519181e-06
6.469003999999999976e+00 1.313987473470378126e-05 3.009089568012898593e-06
6.915365000000000428e+00 1.182123197282819148e-05 2.386816971726070718e-06
7.392525000000000013e+00 1.053259438295524555e-05 1.886291326076329240e-06
7.902608999999999995e+00 9.330182787227144138e-06 1.486973373810998035e-06
8.447889999999999233e+00 8.233881116876105402e-06 1.171486483492918241e-06
9.030794000000000210e+00 7.251273866247626054e-06 9.218871492341844792e-07
9.653919000000000139e+00 6.370830615839701712e-06 7.214483014967058073e-07
1.032004000000000055e+01 5.588189017562115199e-06 5.651952212914570829e-07
1.103212000000000081e+01 4.902755359347304098e-06 4.419462579518907406e-07
1.179334000000000060e+01 4.294925285154962436e-06 3.450779961325382629e-07
1.260707999999999984e+01 3.759700937272586307e-06 2.688631408008816111e-07
1.347696999999999967e+01 3.287177156328731566e-06 2.095434229555115382e-07
1.440687999999999924e+01 2.872984294196092628e-06 1.634942979172474127e-07
1.540094999999999992e+01 2.510380413572024775e-06 1.276895820311191365e-07
1.646361999999999881e+01 2.193182711575507314e-06 9.983616062291420297e-08
1.759960999999999842e+01 1.915858663206587337e-06 7.815246232691108782e-08
1.881398000000000081e+01 1.673477682655142381e-06 6.125648653394734076e-08
2.011214999999999975e+01 1.461676475820057722e-06 4.807037364076279847e-08
2.149988000000000099e+01 1.276614668458590877e-06 3.777203497500378997e-08
2.298338000000000036e+01 1.114911486074313231e-06 2.970115475995105351e-08
2.456923000000000101e+01 9.735701883937205502e-07 2.332016898183626913e-08
2.626450000000000173e+01 8.499948544442782921e-07 1.830183339999867373e-08
2.807676000000000016e+01 7.417900714707321215e-07 1.422773574074809674e-08
3.001405000000000101e+01 6.468647480915047855e-07 1.104559782942813741e-08
3.208502000000000010e+01 5.633776514773367439e-07 8.589729673089147201e-09
3.429889000000000010e+01 4.892298270670979285e-07 6.691916476600405785e-09
3.666550999999999760e+01 4.190660063235116582e-07 5.223225840039393693e-09
3.669178999999999746e+01 4.182340573439754805e-07 5.209414545202198910e-09
3.725339999999999918e+01 3.964383792783555317e-07 4.925003850349175931e-09
3.740315999999999974e+01 3.822302107108167842e-07 4.852659558571316989e-09
3.762780000000000058e+01 3.887169791512322824e-07 2.622693288148821469e-08
3.818941000000000230e+01 3.870548636727165578e-07 2.487642271159593196e-08
3.919543000000000177e+01 3.732672934743420311e-07 2.267234091339685236e-08
4.189992000000000161e+01 3.322036736664351001e-07 1.783234062480799676e-08
4.479100999999999999e+01 2.931035952553652551e-07 1.401456891416488068e-08
4.788159000000000276e+01 2.577809195257102787e-07 1.101200833566315487e-08
5.118542000000000058e+01 2.263305196371299433e-07 8.634164815272789211e-09
5.471721000000000146e+01 1.984923772865804878e-07 6.766060099547448796e-09
5.849269999999999925e+01 1.739508881791178332e-07 5.302862755674859022e-09
6.252870000000000061e+01 1.523667710819630574e-07 4.157648656589403057e-09
6.684318000000000382e+01 1.334131377026899822e-07 3.261135080253130682e-09
7.145535999999999888e+01 1.167879705409452142e-07 2.559348721403734539e-09
7.638577999999999690e+01 1.022727882708928136e-07 2.008395291246261868e-09
8.165640000000000498e+01 8.950034212697703876e-08 1.572076100311791475e-09
8.729068999999999789e+01 7.830828116574002443e-08 1.227982781558229096e-09
9.331373999999999569e+01 6.850911637846593327e-08 9.604686722683583306e-10
9.975239000000000544e+01 5.993265253847221806e-08 7.523862545435906786e-10
1.066353000000000009e+02 5.242790014286554583e-08 5.903832071027187497e-10
1.139930999999999983e+02 4.586201464388954686e-08 4.641835410111927250e-10
1.218586999999999989e+02 4.011805218435259070e-08 3.657858623359209808e-10
1.302668999999999926e+02 3.509355542635078174e-08 2.889461549569173365e-10
1.392553000000000054e+02 3.069853828010406878e-08 2.288859701867679319e-10
1.488640000000000043e+02 2.685418706995616012e-08 1.818866108154124943e-10
1.591356000000000108e+02 2.349162342183889687e-08 1.450462783768193519e-10
1.701159000000000106e+02 2.055040502073331724e-08 1.161846804303121696e-10
1.818539000000000101e+02 1.797780523157911346e-08 9.348090206941341726e-11
1.944018000000000086e+02 1.572756622505912660e-08 7.555629528917997270e-11
2.078155999999999892e+02 1.375921549436544935e-08 6.136735737349307165e-11
2.221547999999999945e+02 1.203744025531391520e-08 5.010366867712848349e-11
2.374834999999999923e+02 1.053129944001384101e-08 4.113182217032052978e-11
2.538699000000000012e+02 9.213754972800079957e-09 3.396093583428771124e-11
2.713869000000000256e+02 8.061177967268819526e-09 2.820479507329608864e-11
2.901125999999999863e+02 7.052891875367120344e-09 2.356325883290292279e-11
3.101304000000000087e+02 6.170808224640384021e-09 1.980425221499531857e-11
3.315294000000000096e+02 5.399112321850867054e-09 1.674377710027834094e-11
3.544048999999999978e+02 4.723981234923105991e-09 1.423752322895958429e-11
3.788587999999999738e+02 4.133323493743291285e-09 1.217372623300320175e-11
4.050000999999999749e+02 3.616555146861282061e-09 1.046368642041463067e-11
4.329451000000000249e+02 3.164424665564329203e-09 9.038539015698918880e-12
