2.080732999999999944e+00 7.951077445605771762e-05 5.297014822190114472e-07
2.224304000000000059e+00 6.950427666241299450e-05 4.030141763844742515e-07
2.377781000000000144e+00 6.076247995204528900e-05 3.066541412803562550e-07
2.541847999999999885e+00 5.312472819550576134e-05 2.334209007980557196e-07
2.717235000000000067e+00 4.645082080371087854e-05 1.777447515746513492e-07
2.904723999999999862e+00 4.061883349558968894e-05 1.354204410141451749e-07
3.105150000000000077e+00 3.552283545746188196e-05 1.028632779864665860e-07
3.319405999999999857e+00 3.106630793979682113e-05 7.793261114454493384e-08
3.548445000000000071e+00 2.717049904048071497e-05 5.910084734916951506e-08
3.793287999999999993e+00 2.376446793047723148e-05 4.485951401991634188e-08
4.055024000000000406e+00 2.078645167011560578e-05 3.408676302591383481e-08
4.334820999999999813e+00 1.818242326661346963e-05 2.593737312409583153e-08
4.633924000000000376e+00 1.590528683007455825e-05 1.976941064953954751e-08
4.953663999999999845e+00 1.391386017913418141e-05 1.509791393289203100e-08
5.295467000000000368e+00 1.217218999964383222e-05 1.155688543314243092e-08
5.660854999999999748e+00 1.064882292617883741e-05 8.870341244606208118e-09
6.051453000000000415e+00 9.316391420588085733e-06 6.829862521384211776e-09
6.469003999999999976e+00 8.150858224158433530e-06 5.278240968531797988e-09
6.915365000000000428e+00 7.131301947853217334e-06 4.096476620981172010e-09
7.392525000000000013e+00 6.239417455978007357e-06 3.194496791763414702e-09
7.902608999999999995e+00 5.459159218534240036e-06 2.505173246178090300e-09
8.447889999999999233e+00 4.776556687045961110e-06 1.976909009294991777e-09
9.030794000000000210e+00 4.179369348665090633e-06 1.569556750019237020e-09
9.653919000000000139e+00 3.656890284225950270e-06 1.252241092549152588e-09
2.011214999999999975e+01 8.420680927273451103e-07 1.987829537912959175e-10
2.149988000000000099e+01 7.368555665547860975e-07 1.773276339247480072e-10
2.298338000000000036e+01 6.447878947397143781e-07 1.591306377165950659e-10
2.456923000000000101e+01 5.642271496271385868e-07 1.435384510968210710e-10
2.626450000000000173e+01 4.937319108707959881e-07 1.300667122898664577e-10
2.807676000000000016e+01 4.320449960122106819e-07 1.182814840913628302e-10
3.001405000000000101e+01 3.780666136072620526e-07 1.079010538782214989e-10
3.208502000000000010e+01 3.308327991056593603e-07 9.870312962951447904e-11
3.429889000000000010e+01 2.895000977680648326e-07 9.047694183874425397e-11
3.666550999999999760e+01 2.533314112332998091e-07 8.308548490430711198e-11
3.919543000000000177e+01 2.216819735948619950e-07 7.640150708842021783e-11
4.189992000000000161e+01 1.939865419599493257e-07 7.033430520031031701e-11
4.479100999999999999e+01 1.697516898814686288e-07 6.479717428273583499e-11
4.788159000000000276e+01 1.485444803971909848e-07 5.973131412253329433e-11
5.118542000000000058e+01 1.299867041501200690e-07 5.508508098404735453e-11
5.471721000000000146e+01 1.137473830040586832e-07 5.080978543241390181e-11
5.849269999999999925e+01 9.953707632834151996e-08 4.686936512942647919e-11
6.252870000000000061e+01 8.710182345820737090e-08 4.323760206656294218e-11
6.684318000000000382e+01 7.622031771332098999e-08 3.987667930895909757e-11
7.145535999999999888e+01 6.669822117571992344e-08 3.677714376819915799e-11
7.638577999999999690e+01 5.836570739959574429e-08 3.390443944200037119e-11
8.165640000000000498e+01 5.107428912321459471e-08 3.124712486258938016e-11
8.729068999999999789e+01 4.469365275131102241e-08 2.878741983566880190e-11
9.331373999999999569e+01 3.911014491074340097e-08 2.650920180195355383e-11
9.975239000000000544e+01 3.422425458123178909e-08 2.440149181479185969e-11
2.078155999999999892e+02 7.885351720799445329e-09 9.486069758818480872e-12
2.221547999999999945e+02 6.900267986406385107e-09 8.676805764726523064e-12
2.374834999999999923e+02 6.038241499236632327e-09 7.933254942573154404e-12
2.538699000000000012e+02 5.283904217774469842e-09 7.249541009026575312e-12
2.713869000000000256e+02 4.623805955303623937e-09 6.621039379057647526e-12
2.901125999999999863e+02 4.046160370805251857e-09 6.044034453598509698e-12
3.101304000000000087e+02 3.540687486141709802e-09 5.514578096567945474e-12
3.315294000000000096e+02 3.098362155234895538e-09 5.029005274268915615e-12
3.544048999999999978e+02 2.711295411115931538e-09 4.583964893334401505e-12
3.788587999999999738e+02 2.372583555476371150e-09 4.176290302074777731e-12
4.050000999999999749e+02 2.076184831309387587e-09 3.803090266451267963e-12
4.329451000000000249e+02 1.816814624831596658e-09 3.461595177809363202e-12
