1.067676000000000069e+00 3.828427737597628507e-04 3.191087460341567549e-05
1.141345000000000054e+00 3.342708797274180927e-04 2.473535158708061910e-05
1.220097999999999905e+00 2.917768450735384834e-04 1.903728868664794513e-05
1.304284999999999917e+00 2.546230736020195441e-04 1.465256230041859875e-05
1.394281000000000104e+00 2.221818904950489623e-04 1.127792154505604030e-05
1.490485999999999978e+00 1.938763551763031888e-04 8.680747229257642719e-06
1.593328999999999995e+00 1.691878108729470264e-04 6.682095640085396386e-06
1.703268999999999922e+00 1.476578312993100551e-04 5.143824932208036383e-06
1.820794999999999941e+00 1.288836040955669646e-04 3.959880284733956627e-06
1.946430000000000105e+00 1.125120108446362610e-04 3.048666890837760150e-06
2.080732999999999944e+00 9.823455843067997501e-05 2.347363744552037153e-06
2.224304000000000059e+00 8.578148368135360641e-05 1.807459647467089652e-06
2.377781000000000144e+00 7.491825760907940305e-05 1.391955482108857552e-06
2.541847999999999885e+00 6.544042790482585445e-05 1.072010660650530608e-06
2.717235000000000067e+00 5.716998801503239908e-05 8.257677368631496102e-07
2.904723999999999862e+00 4.995191859288780736e-05 6.361665205477531657e-07
3.105150000000000077e+00 4.365044438667371008e-05 4.876632204527450342e-07
3.319405999999999857e+00 3.814676633835488570e-05 3.721230178379375192e-07
3.548445000000000071e+00 3.334005041880049849e-05 2.840251176304772265e-07
3.793287999999999993e+00 2.914179433378397463e-05 2.168507149195900895e-07
4.055024000000000406e+00 2.547457068316664406e-05 1.656222869611789526e-07
4.334820999999999813e+00 2.227078223681903916e-05 1.265448443985218176e-07
4.633924000000000376e+00 1.947160421281500121e-05 9.673608843510118614e-08
4.953663999999999845e+00 1.702559742883378416e-05 7.398869149053843775e-08
5.295467000000000368e+00 1.488797511775290796e-05 5.662915075532370924e-08
5.660854999999999748e+00 1.301961379407499428e-05 4.316834151238626320e-08
6.051453000000000415e+00 1.138636576722050805e-05 3.292123573321842012e-08
6.469003999999999976e+00 9.958536953409011174e-06 2.513576194763849557e-08
6.915365000000000428e+00 8.710189034897537161e-06 1.921746270457310397e-08
7.392525000000000013e+00 7.618704663811549972e-06 1.471572427012534550e-08
7.902608999999999995e+00 6.664282099645046348e-06 1.128936918120138547e-08
8.447889999999999233e+00 5.829653372925203192e-06 8.680117283143233686e-09
9.030794000000000210e+00 5.099757239565687000e-06 6.682743627970181353e-09
9.653919000000000139e+00 4.461394353083998904e-06 5.139047391323369977e-09
1.032004000000000055e+01 3.903041908690238388e-06 3.966792141516639095e-09
1.103212000000000081e+01 3.414655467004132700e-06 3.075419731961919748e-09
1.179334000000000060e+01 2.987446719173157400e-06 2.396032198129800806e-09
1.260707999999999984e+01 2.613748828473432283e-06 1.877466492547114935e-09
1.347696999999999967e+01 2.286837699938054604e-06 1.480577859091406875e-09
1.440687999999999924e+01 2.000851822113665169e-06 1.176013899384068658e-09
1.540094999999999992e+01 1.750660536772631075e-06 9.415375365553327313e-10
1.646361999999999881e+01 1.531772377022240919e-06 7.603088784180081950e-10
1.759960999999999842e+01 1.340270715265297995e-06 6.196092097070245075e-10
1.881398000000000081e+01 1.172726552175098419e-06 5.098370520105778289e-10
2.011214999999999975e+01 1.026134350583289646e-06 4.236631076149543765e-10
2.149988000000000099e+01 8.978779874813137609e-07 3.556035439667406402e-10
2.298338000000000036e+01 7.856564205028214611e-07 3.014331509704346290e-10
2.456923000000000101e+01 6.874661554118057431e-07 2.579707355340201583e-10
2.626450000000000173e+01 6.015527411628864212e-07 2.227925154530216424e-10
2.807676000000000016e+01 5.263780203484493930e-07 1.939059618095435391e-10
3.001405000000000101e+01 4.606012968384316168e-07 1.700885447898810132e-10
3.208502000000000010e+01 4.030452541273709798e-07 1.502783715337736717e-10
3.429889000000000010e+01 3.526830277763539515e-07 1.336401332003213881e-10
3.666550999999999760e+01 3.086144132446588254e-07 1.195085718447499725e-10
3.919543000000000177e+01 2.700535829867936315e-07 1.073845677608843885e-10
4.189992000000000161e+01 2.363115859245211446e-07 9.688819909656736703e-11
4.479100999999999999e+01 2.067859401633286552e-07 8.771358379234640245e-11
4.788159000000000276e+01 1.809496009916280298e-07 7.964112574934853177e-11
5.118542000000000058e+01 1.583418449304524503e-07 7.247278117666293350e-11
5.471721000000000146e+01 1.385589436344502250e-07 6.607472818042472565e-11
5.849269999999999925e+01 1.212476488796972593e-07 6.032886560059132214e-11
6.252870000000000061e+01 1.060995450171408972e-07 5.514414189715380038e-11
6.684318000000000382e+01 9.284398492679421728e-08 5.045414169763507841e-11
7.145535999999999888e+01 8.124464325774730762e-08 4.618955009853862356e-11
7.638577999999999690e+01 7.109456948551624194e-08 4.230403211690551976e-11
8.165640000000000498e+01 6.221256543848943493e-08 3.875908441829669735e-11
8.729068999999999789e+01 5.444021364812179962e-08 3.551586147548880571e-11
9.331373999999999569e+01 4.763896417348706055e-08 3.254464022327422728e-11
9.975239000000000544e+01 4.168746004614118249e-08 2.982285865069653862e-11
1.066353000000000009e+02 3.647941735389133402e-08 2.732425440522421358e-11
1.139930999999999983e+02 3.192208922795241967e-08 2.503088355701269597e-11
1.218586999999999989e+02 2.793405003627316018e-08 2.292618636925924215e-11
1.302668999999999926e+02 2.444432830037730104e-08 2.099347188229576378e-11
1.392553000000000054e+02 2.139052039153903297e-08 1.921756939747098427e-11
1.488640000000000043e+02 1.871822762143042559e-08 1.758742383654130776e-11
1.591356000000000108e+02 1.637980311616049217e-08 1.609262440445367195e-11
1.701159000000000106e+02 1.433351915047219035e-08 1.471984260316345683e-11
1.818539000000000101e+02 1.254286312221332614e-08 1.345939657250812105e-11
1.944018000000000086e+02 1.097591244566633082e-08 1.230440022832208021e-11
2.078155999999999892e+02 9.604724381404199442e-09 1.124527382530786749e-11
2.221547999999999945e+02 8.404832663931099842e-09 1.027428209046354672e-11
2.374834999999999923e+02 7.354846143000138857e-09 9.385938280299190124e-12
2.538699000000000012e+02 6.436019127575688641e-09 8.571022079309045891e-12
2.713869000000000256e+02 5.631991486603190597e-09 7.825839042391456169e-12
2.901125999999999863e+02 4.928407020523833531e-09 7.143864778511658516e-12
3.101304000000000087e+02 4.312710911556340953e-09 6.519868675107453314e-12
3.315294000000000096e+02 3.773939475634351304e-09 5.949579969488461010e-12
3.544048999999999978e+02 3.302475394888415212e-09 5.428365442131378205e-12
3.788587999999999738e+02 2.889904848877444372e-09 4.952252872802709885e-12
4.050000999999999749e+02 2.528878950255606393e-09 4.517373580532515344e-12
4.329451000000000249e+02 2.212955316871062789e-09 4.120372359619934713e-12
