1.067676000000000069e+00 1.133364517711070614e-03 4.901810023337917037e-04
1.141345000000000054e+00 1.011454908381014244e-03 3.930316316676849670e-04
1.220097999999999905e+00 8.978322781549773418e-04 3.147048920377818176e-04
1.304284999999999917e+00 7.940938019273720023e-04 2.517815137922061212e-04
1.394281000000000104e+00 6.999715802997883351e-04 2.011972117670685263e-04
1.490485999999999978e+00 6.155196529714426767e-04 1.607778803661268367e-04
1.593328999999999995e+00 5.402940581976928410e-04 1.285197158852755190e-04
1.703268999999999922e+00 4.734741627462186694e-04 1.021760579788424901e-04
1.820794999999999941e+00 4.140046148760160856e-04 8.113506320009339432e-05
1.946430000000000105e+00 3.613981873805898024e-04 6.454187581081908133e-05
2.080732999999999944e+00 3.150665962850679480e-04 5.142210299089627120e-05
2.224304000000000059e+00 2.743270701502350585e-04 4.104696147526634643e-05
2.377781000000000144e+00 2.385414346318809873e-04 3.281736294647504687e-05
2.541847999999999885e+00 2.070699746161747579e-04 2.622115252348168691e-05
2.717235000000000067e+00 1.792539502204778363e-04 2.088279534544098371e-05
2.904723999999999862e+00 1.545302397981664034e-04 1.663850308646693750e-05
3.105150000000000077e+00 1.322707474699470547e-04 1.311401888810785445e-05
3.319405999999999857e+00 1.104393641279559953e-04 1.022407664554144120e-05
3.466750000000000220e+00 9.341291392737428347e-05 8.703146860631949994e-06
3.519811999999999941e+00 8.171183891304834024e-05 8.227883824722715837e-06
3.533961999999999826e+00 7.108601184617748480e-05 8.107034645290788790e-06
3.548445000000000071e+00 7.702136010809248134e-05 2.708632018269786104e-05
3.555187000000000097e+00 7.959461054240577339e-05 2.691252624759787594e-05
3.608249999999999957e+00 8.472977857439094741e-05 2.560376590361026697e-05
3.652460000000000040e+00 8.437625586177820939e-05 2.457651284934637761e-05
3.708365000000000133e+00 8.046775404397197033e-05 2.335219722539980569e-05
3.723272999999999833e+00 7.593290228459472684e-05 2.302718530689303806e-05
3.745635000000000048e+00 7.999791906177969704e-05 3.104442493946861205e-05
3.793287999999999993e+00 8.255532204885108604e-05 2.971173677208550421e-05
3.801540000000000141e+00 8.267856807484845667e-05 2.948784775591436157e-05
3.937640000000000029e+00 8.112092327040817442e-05 2.605849934876925013e-05
3.997910000000000075e+00 7.854678796577458212e-05 2.467301597930712692e-05
4.013982000000000383e+00 7.638728491851204091e-05 2.431908522014472149e-05
4.038090000000000401e+00 7.778376696106652558e-05 2.742230364184031511e-05
4.055024000000000406e+00 7.816191205650304785e-05 2.702155470963432996e-05
4.098359999999999559e+00 7.813652260381181384e-05 2.603198072581352286e-05
4.334820999999999813e+00 7.388991787478271420e-05 2.134375066149114629e-05
4.633924000000000376e+00 6.703096088982556642e-05 1.682871851444980705e-05
4.953663999999999845e+00 6.000194330454460082e-05 1.324677714147154148e-05
5.295467000000000368e+00 5.331113609356092530e-05 1.042554422000273959e-05
5.660854999999999748e+00 4.713986672238869421e-05 8.201728679900131036e-06
6.051453000000000415e+00 4.154879713274870721e-05 6.456374101944976740e-06
6.469003999999999976e+00 3.653948553131993268e-05 5.085143270239207473e-06
6.915365000000000428e+00 3.208390254511045035e-05 4.007435063666380071e-06
7.392525000000000013e+00 2.818498087975254316e-05 3.153644707983558819e-06
7.902608999999999995e+00 2.471370991473106099e-05 2.477612273380747400e-06
8.447889999999999233e+00 2.165066306888355314e-05 1.945721131366728376e-06
9.030794000000000210e+00 1.895152752320399830e-05 1.525282043951976739e-06
9.653919000000000139e+00 1.657277155230766618e-05 1.186550282091441506e-06
1.032004000000000055e+01 1.448316529194949521e-05 9.241420126037044242e-07
1.103212000000000081e+01 1.265278987484703603e-05 7.206191012098260204e-07
1.179334000000000060e+01 1.105141923884924824e-05 5.624734944711555145e-07
1.260707999999999984e+01 9.651348502297498513e-06 4.392404858862668452e-07
1.347696999999999967e+01 8.427732266059902755e-06 3.433838472309398542e-07
1.440687999999999924e+01 7.358679027771685765e-06 2.687997332558469460e-07
1.540094999999999992e+01 6.424788996071701536e-06 2.105093942093239393e-07
1.646361999999999881e+01 5.608699888527279486e-06 1.645178788233212644e-07
1.759960999999999842e+01 4.895256153710604775e-06 1.285181766770575649e-07
1.881398000000000081e+01 4.271129067065353834e-06 1.001501522902741302e-07
2.011214999999999975e+01 3.724707951383230565e-06 7.815495768260552541e-08
2.149988000000000099e+01 3.245559413293726827e-06 6.107879787493928680e-08
2.298338000000000036e+01 2.823650682085844031e-06 4.780858644811671440e-08
2.456923000000000101e+01 2.447266617424104506e-06 3.747677490364586280e-08
2.617698000000000036e+01 2.100611522525463589e-06 2.978448517340221887e-08
2.626450000000000173e+01 2.079211301517970126e-06 2.942755811877112390e-08
2.657763999999999882e+01 1.980197642390871645e-06 2.819489292415674037e-08
2.668449000000000026e+01 1.895684616369469215e-06 2.778967408099488324e-08
2.684476000000000084e+01 1.942045166237422002e-06 1.609324999308353546e-07
2.724541999999999931e+01 1.945885065246467749e-06 1.523167279418842681e-07
2.807676000000000016e+01 1.872046030286188646e-06 1.362468573967675435e-07
3.001405000000000101e+01 1.670330888493514582e-06 1.068176244954547667e-07
3.208502000000000010e+01 1.475866714925638754e-06 8.389154019296481903e-08
3.429889000000000010e+01 1.299285824371156102e-06 6.594088320632798180e-08
3.666550999999999760e+01 1.141586007068352979e-06 5.166185334057247206e-08
3.919543000000000177e+01 1.001660678385459239e-06 4.042550704564045047e-08
4.189992000000000161e+01 8.781079881960597252e-07 3.162415653975863904e-08
4.479100999999999999e+01 7.693169724362828851e-07 2.473374377185605255e-08
4.788159000000000276e+01 6.737064538761725878e-07 1.934789969748872770e-08
5.118542000000000058e+01 5.897927150829166817e-07 1.513735364315423296e-08
5.471721000000000146e+01 5.165666926137595875e-07 1.182959422213856140e-08
5.849269999999999925e+01 4.520207718265275878e-07 9.223399853727826918e-09
6.252870000000000061e+01 3.954803151640914274e-07 7.197263563867510415e-09
6.684318000000000382e+01 3.459785774085300833e-07 5.621526754304827739e-09
7.145535999999999888e+01 3.026541032688934492e-07 4.395628424665751579e-09
7.638577999999999690e+01 2.647449665865225529e-07 3.441206716104656589e-09
8.165640000000000498e+01 2.315826875372292896e-07 2.693688099465484413e-09
8.729068999999999789e+01 2.025701469887887221e-07 2.105569975548181889e-09
9.331373999999999569e+01 1.771886046703790964e-07 1.649007737784839621e-09
9.975239000000000544e+01 1.549875691510659003e-07 1.294373091918696779e-09
1.066353000000000009e+02 1.355690725144646620e-07 1.018425720473058107e-09
1.139930999999999983e+02 1.185857878708358524e-07 8.036289801083774630e-10
1.218586999999999989e+02 1.037315779987561022e-07 6.358350600366741541e-10
1.302668999999999926e+02 9.073989035003784966e-08 5.047904474995377602e-10
1.392553000000000054e+02 7.937691891689150353e-08 4.023666902214458315e-10
1.488640000000000043e+02 6.943822299996221878e-08 3.221494309590118127e-10
1.591356000000000108e+02 6.074540260582305202e-08 2.591815243754615754e-10
1.701159000000000106e+02 5.314194128255547869e-08 2.096173734109935258e-10
1.818539000000000101e+02 4.649113024974751655e-08 1.704870643596641878e-10
1.944018000000000086e+02 4.067353231780668289e-08 1.394859626353419543e-10
2.078155999999999892e+02 3.558454161652979847e-08 1.148360327029374235e-10
2.221547999999999945e+02 3.113283572563292477e-08 9.515362433231098403e-11
2.374834999999999923e+02 2.723853388342002678e-08 7.936277786364207955e-11
2.538699000000000012e+02 2.383169991520894298e-08 6.662253829967391636e-11
2.713869000000000256e+02 2.085132879886223440e-08 5.629699782328879928e-11
2.901125999999999863e+02 1.824390396799558829e-08 4.786817911058249396e-11
3.101304000000000087e+02 1.596272964926417925e-08 4.095335857512002750e-11
3.315294000000000096e+02 1.396693559993336192e-08 3.523631728425640338e-11
3.544048999999999978e+02 1.222082702242973369e-08 3.048402050573314872e-11
3.788587999999999738e+02 1.069310156618363679e-08 2.650251660004267503e-11
4.050000999999999749e+02 9.356450495172852747e-09 2.314610701950704546e-11
4.329451000000000249e+02 8.186935544299580025e-09 2.029589784059683936e-11
