1.067676000000000069e+00 5.084889565736047236e-07 6.225028428858600723e-08
1.141345000000000054e+00 4.433154571182331597e-07 4.839229223371282913e-08
1.220097999999999905e+00 3.861807709175328445e-07 3.762102909213153792e-08
1.304284999999999917e+00 3.362460040395068012e-07 2.927780935017453887e-08
1.394281000000000104e+00 2.926649620936673666e-07 2.281064200366220645e-08
1.490485999999999978e+00 2.546464312053343301e-07 1.778985027230672373e-08
1.593328999999999995e+00 2.214848643284457445e-07 1.389018021227574924e-08
1.703268999999999922e+00 1.925498232864209686e-07 1.085747653266500561e-08
1.820794999999999941e+00 1.672797359681669616e-07 8.496747541639142601e-09
1.946430000000000105e+00 1.451795984673221105e-07 6.656940083546671618e-09
2.080732999999999944e+00 1.257986936288029537e-07 5.221453366285143776e-09
2.224304000000000059e+00 1.087150030075709942e-07 4.100554105877463946e-09
2.377781000000000144e+00 9.349047419579550150e-08 3.224006816552818491e-09
2.541847999999999885e+00 7.951498984017198777e-08 2.537920226367427087e-09
2.717235000000000067e+00 6.496505407939007912e-08 2.000152507275086095e-09
2.765951999999999966e+00 5.966850084302103119e-08 1.877648273964327162e-09
2.808288000000000117e+00 5.099165777014454802e-08 1.778954022308451051e-09
2.819577999999999918e+00 4.236153105672412736e-08 1.753911322085910328e-09
2.836511999999999922e+00 5.007522614240410816e-08 1.773128007401823384e-08
2.878848000000000074e+00 5.585687603282084124e-08 1.685779513661836954e-08
2.904723999999999862e+00 5.686791753864998955e-08 1.635159934625374561e-08
3.105150000000000077e+00 5.567526055207563116e-08 1.289920974366587117e-08
3.319405999999999857e+00 5.096672315304981092e-08 1.013858807289346178e-08
3.548445000000000071e+00 4.579784917136527941e-08 7.988360534848013331e-09
3.793287999999999993e+00 4.080767248412108397e-08 6.278407757066003586e-09
4.055024000000000406e+00 3.614525382278328897e-08 4.915273891326271910e-09
4.334820999999999813e+00 3.189533744020927646e-08 3.848704796988814040e-09
4.633924000000000376e+00 2.807457511585649001e-08 3.014052580326842494e-09
4.953663999999999845e+00 2.466808467808248165e-08 2.360763056378810908e-09
5.295467000000000368e+00 2.164791994208318652e-08 1.848550411703817690e-09
5.660854999999999748e+00 1.902811549995191647e-08 1.446803852298866232e-09
6.051453000000000415e+00 1.666910747374446490e-08 1.123592494629702769e-09
6.469003999999999976e+00 1.459113441269816829e-08 8.726628388114432020e-10
6.915365000000000428e+00 1.276582438258541312e-08 6.779013069020861314e-10
7.392525000000000013e+00 1.116513271089666230e-08 5.267091100971161733e-10
7.902608999999999995e+00 9.763013275087502460e-09 4.092597907298266103e-10
8.447889999999999233e+00 8.535883918647879181e-09 3.180966032743731750e-10
9.030794000000000210e+00 7.462604164485337840e-09 2.468973930485681513e-10
9.653919000000000139e+00 6.523591968995028182e-09 1.906648516470833918e-10
1.032004000000000055e+01 5.702168491840401240e-09 1.472765859340004104e-10
1.103212000000000081e+01 4.984056647601509598e-09 1.137945440473048063e-10
1.179334000000000060e+01 4.356446277755580816e-09 8.795712566399703249e-11
1.260707999999999984e+01 3.808019053678069714e-09 6.781224105978079929e-11
1.347696999999999967e+01 3.328627594403563540e-09 5.212236648355477961e-11
1.440687999999999924e+01 2.909634888629613270e-09 4.008686416092482140e-11
1.540094999999999992e+01 2.543499622405205597e-09 3.084406641763689481e-11
1.646361999999999881e+01 2.223548634279795407e-09 2.375089204066261880e-11
1.759960999999999842e+01 1.943968450783715767e-09 1.830110970077184512e-11
1.881398000000000081e+01 1.699639791937525240e-09 1.411315233970312572e-11
2.011214999999999975e+01 1.486112670927105119e-09 1.089495273508429869e-11
2.149988000000000099e+01 1.299487866632419772e-09 8.419994281037869975e-12
2.298338000000000036e+01 1.136363306972231775e-09 6.515850532060892316e-12
2.456923000000000101e+01 9.937801655372290606e-10 5.049733485005476642e-12
2.626450000000000173e+01 8.691279456872604505e-10 3.920557012312263019e-12
2.807676000000000016e+01 7.601589217531871153e-10 3.033236831661504681e-12
3.001405000000000101e+01 6.648760706886023744e-10 2.348383108867904371e-12
3.208502000000000010e+01 5.815565769438427479e-10 1.823563414865000963e-12
3.429889000000000010e+01 5.086960303361353958e-10 1.420802531925778501e-12
3.666550999999999760e+01 4.449796002668622429e-10 1.111272749464798131e-12
3.919543000000000177e+01 3.892575085921021811e-10 8.730211337873460314e-13
4.189992000000000161e+01 3.405230146857229815e-10 6.891668673027558243e-13
4.479100999999999999e+01 2.978988579609879651e-10 5.470533749887373442e-13
4.788159000000000276e+01 2.606176507204313530e-10 4.368720754518104245e-13
5.118542000000000058e+01 2.280074222949091407e-10 3.512020667176112176e-13
5.471721000000000146e+01 1.994823106499988045e-10 2.843508587046155381e-13
5.849269999999999925e+01 1.745288908607135674e-10 2.319758161991652229e-13
6.252870000000000061e+01 1.527004941117512615e-10 1.905406160333953009e-13
6.684318000000000382e+01 1.336045516545608719e-10 1.577005402635737545e-13
7.145535999999999888e+01 1.168980183098415249e-10 1.316512829202948088e-13
7.638577999999999690e+01 1.022817489244820705e-10 1.108530098387779250e-13
8.165640000000000498e+01 8.949406384991304046e-11 9.412340827965296972e-14
8.729068999999999789e+01 7.830653271734285360e-11 8.056407158437757388e-14
9.331373999999999569e+01 6.851795044723589594e-11 6.949025532768539897e-14
9.975239000000000544e+01 5.995366648871159920e-11 6.036636128101183520e-14
1.066353000000000009e+02 5.246017552919926252e-11 5.278470681714522437e-14
1.139930999999999983e+02 4.590357546294933677e-11 4.643314865158381519e-14
1.218586999999999989e+02 4.016683203567815649e-11 4.105982967511051046e-14
1.302668999999999926e+02 3.514730874012484814e-11 3.647708358341824557e-14
1.392553000000000054e+02 3.075504285451213959e-11 3.253977123740936460e-14
1.488640000000000043e+02 2.691178827307678225e-11 2.912944079723449755e-14
1.591356000000000108e+02 2.354910817167033809e-11 2.615378004143974880e-14
1.701159000000000106e+02 2.060648978284306570e-11 2.354337626908043062e-14
1.818539000000000101e+02 1.803177075868512587e-11 2.123734998533388011e-14
1.944018000000000086e+02 1.577866594242605960e-11 1.919020578763832149e-14
2.078155999999999892e+02 1.380724056698162898e-11 1.736576417273088502e-14
2.221547999999999945e+02 1.208207599197185659e-11 1.573414586843932019e-14
2.374834999999999923e+02 1.057251769821852575e-11 1.427066153295236042e-14
2.538699000000000012e+02 9.251619651959380757e-12 1.295266279015205256e-14
2.713869000000000256e+02 8.095754402823629314e-12 1.176277592763951099e-14
2.901125999999999863e+02 7.084297548723657704e-12 1.068780686892266231e-14
3.101304000000000087e+02 6.199207720527036283e-12 9.714986664320003010e-15
3.315294000000000096e+02 5.424699219630258558e-12 8.833026986059355423e-15
3.544048999999999978e+02 4.746984004016538963e-12 8.032784757082587538e-15
3.788587999999999738e+02 4.153936857439887973e-12 7.306144668671107776e-15
4.050000999999999749e+02 3.634957014206589911e-12 6.645968920137364737e-15
4.329451000000000249e+02 3.180836368212774999e-12 6.045833699387641984e-15
