1.067676000000000069e+00 1.253226022971897901e-03 6.704244469515547363e-04
1.141345000000000054e+00 1.152191233370302142e-03 5.350282308873966592e-04
1.220097999999999905e+00 1.044570995891826995e-03 4.263649138447089836e-04
1.304284999999999917e+00 9.388700011286157162e-04 3.396662132838616788e-04
1.394281000000000104e+00 8.384965229598305946e-04 2.684608259173165137e-04
1.490485999999999978e+00 7.440509735920131139e-04 2.116308955091276045e-04
1.593328999999999995e+00 6.575187372523890773e-04 1.667338598189952630e-04
1.703268999999999922e+00 5.791678896255281987e-04 1.311948768227463858e-04
1.820794999999999941e+00 5.089268011676228434e-04 1.032432117062183661e-04
1.946430000000000105e+00 4.464174583820217437e-04 8.124511740658507675e-05
2.080732999999999944e+00 3.910640297962492302e-04 6.394403958696811283e-05
2.224304000000000059e+00 3.422324956749000905e-04 5.034991387547311462e-05
2.377781000000000144e+00 2.993111655077315648e-04 3.966608391958743450e-05
2.541847999999999885e+00 2.616320312510590101e-04 3.126752102142688679e-05
2.717235000000000067e+00 2.286085410089168011e-04 2.466560459616433027e-05
2.904723999999999862e+00 1.997283055903608057e-04 1.947250652807436979e-05
3.105150000000000077e+00 1.745201041285052732e-04 1.529214605037226808e-05
3.319405999999999857e+00 1.523593806829881124e-04 1.187796663256629458e-05
3.548445000000000071e+00 1.329312941738228389e-04 9.229587354786961562e-06
3.793287999999999993e+00 1.159429349443694373e-04 7.169219055010239877e-06
4.055024000000000406e+00 1.010883932840459328e-04 5.558122878059345213e-06
4.334820999999999813e+00 8.810841121941942792e-05 4.314134933861352357e-06
4.633924000000000376e+00 7.677080072085505722e-05 3.352354503345036861e-06
4.953663999999999845e+00 6.686711861431248621e-05 2.608258721510407816e-06
5.295467000000000368e+00 5.820978414005259066e-05 2.031817187413415558e-06
5.660854999999999748e+00 5.063181944958313732e-05 1.584693642734895169e-06
6.051453000000000415e+00 4.398041493469627812e-05 1.237584119632088074e-06
6.469003999999999976e+00 3.810672813007549088e-05 9.677474248161447720e-07
6.915365000000000428e+00 3.283525826684574177e-05 7.577589244511441919e-07
7.392525000000000013e+00 2.776298825867302565e-05 5.941041918503395673e-07
7.554721999999999937e+00 2.580795962878269629e-05 5.490595835339276324e-07
7.670354999999999812e+00 2.350034100989901464e-05 5.196263675534190395e-07
7.701190999999999676e+00 2.147333893046870173e-05 5.121297105640444550e-07
7.747443999999999775e+00 2.307511185507752624e-05 4.085498871037683572e-06
7.863077999999999790e+00 2.403219748414837798e-05 3.852545674531381297e-06
7.902608999999999995e+00 2.406354321993351951e-05 3.776716231297775166e-06
8.447889999999999233e+00 2.242493032879695818e-05 2.948571209118733356e-06
9.030794000000000210e+00 2.013410561455781047e-05 2.333045351204383353e-06
9.653919000000000139e+00 1.789243498812695697e-05 1.831538339467857812e-06
1.032004000000000055e+01 1.581526563688134062e-05 1.433296686716102564e-06
1.103212000000000081e+01 1.393200128904944183e-05 1.119906028543292562e-06
1.179334000000000060e+01 1.224683340747004564e-05 8.751758584695438094e-07
1.260707999999999984e+01 1.075001887925675683e-05 6.840427470706046315e-07
1.347696999999999967e+01 9.426698228721179756e-06 5.347936688378342267e-07
1.440687999999999924e+01 8.260444516773235890e-06 4.182050392272466983e-07
1.540094999999999992e+01 7.235004379688474392e-06 3.270625417526499431e-07
1.646361999999999881e+01 6.342700969199744642e-06 2.538210916795207133e-07
1.759960999999999842e+01 5.550208676739558391e-06 1.969892661248117375e-07
1.881398000000000081e+01 4.855372544655664127e-06 1.528447640765865029e-07
2.011214999999999975e+01 4.246760048444337034e-06 1.186384739198585920e-07
2.149988000000000099e+01 3.713992460008962564e-06 9.211985754821464358e-08
2.298338000000000036e+01 3.247818576906697628e-06 7.156000166242066440e-08
2.456923000000000101e+01 2.840076427685783987e-06 5.561506114451977708e-08
2.626450000000000173e+01 2.483559377457921419e-06 4.324578230209251947e-08
2.807676000000000016e+01 2.171800504620031327e-06 3.349256362932906577e-08
3.001405000000000101e+01 1.899094108141834787e-06 2.592356913397275213e-08
3.208502000000000010e+01 1.660635054862152834e-06 2.008049920564083787e-08
3.429889000000000010e+01 1.452159632631371520e-06 1.553707357023200221e-08
3.666550999999999760e+01 1.269865334775248960e-06 1.199776777019438436e-08
3.919543000000000177e+01 1.110478786837110081e-06 9.277185903353536438e-09
4.189992000000000161e+01 9.711254417945156014e-07 7.184547476963459173e-09
4.479100999999999999e+01 8.492907546945577910e-07 5.574145383956123964e-09
4.788159000000000276e+01 7.427707584261805213e-07 4.333344741772075510e-09
5.118542000000000058e+01 6.496344685832919635e-07 3.376863822454586832e-09
5.471721000000000146e+01 5.681995367355264895e-07 2.638621891335180843e-09
5.849269999999999925e+01 4.969928051943779838e-07 2.068383068047875336e-09
6.252870000000000061e+01 4.347256312754250011e-07 1.627048829512925905e-09
6.684318000000000382e+01 3.802723927141994385e-07 1.285067372810248791e-09
7.145535999999999888e+01 3.326509004656422145e-07 1.019557685637051980e-09
7.638577999999999690e+01 2.910016104188138680e-07 8.129961302640741139e-10
8.165640000000000498e+01 2.545744772173938881e-07 6.511017497987414717e-10
8.729068999999999789e+01 2.227138154931842277e-07 5.233581268283891300e-10
9.331373999999999569e+01 1.948442108855688849e-07 4.235927053798943143e-10
9.975239000000000544e+01 1.704652145150240834e-07 3.453708982184501346e-10
1.066353000000000009e+02 1.491398498542808020e-07 2.837497801986801283e-10
1.139930999999999983e+02 1.304847862005825219e-07 2.349843435639482499e-10
1.218586999999999989e+02 1.141650726982405192e-07 1.961669793268846404e-10
1.302668999999999926e+02 9.988814062101405625e-08 1.650758093310237396e-10
1.392553000000000054e+02 8.739785676460850856e-08 1.400122219076414780e-10
1.488640000000000043e+02 7.647041795385653363e-08 1.196493599409705697e-10
1.591356000000000108e+02 6.691007848282311330e-08 1.029983761553566417e-10
1.701159000000000106e+02 5.854543332141131865e-08 8.925276226227597294e-11
1.818539000000000101e+02 5.122720174442103405e-08 7.782784304279282525e-11
1.944018000000000086e+02 4.482409739404752841e-08 6.824222157979132303e-11
2.078155999999999892e+02 3.922159791266943704e-08 6.014018588891756915e-11
2.221547999999999945e+02 3.431964934567968082e-08 5.323458449165000603e-11
2.374834999999999923e+02 3.003054728516374379e-08 4.731003959977915529e-11
2.538699000000000012e+02 2.627756963401458056e-08 4.218447669290617592e-11
2.713869000000000256e+02 2.299379020709677283e-08 3.772086411085090158e-11
2.901125999999999863e+02 2.012043913360484453e-08 3.380905594716649626e-11
3.101304000000000087e+02 1.760627523863498326e-08 3.036399618812754017e-11
3.315294000000000096e+02 1.540627329545307937e-08 2.731816612147007408e-11
3.544048999999999978e+02 1.348122609746545841e-08 2.460964325403006473e-11
3.788587999999999738e+02 1.179680553830156981e-08 2.219397430708583900e-11
4.050000999999999749e+02 1.032284173782997044e-08 2.003206404874986361e-11
4.329451000000000249e+02 9.033046027997853833e-09 1.809287986426931375e-11
