1.067676000000000069e+00 1.157492679300831931e-03 4.037335725349376235e-04
1.141345000000000054e+00 1.027512729114157461e-03 3.186605362506451412e-04
1.220097999999999905e+00 9.083919673819402163e-04 2.511670474854791474e-04
1.304284999999999917e+00 8.003152211979610003e-04 1.977448686379730427e-04
1.394281000000000104e+00 7.033365807195271968e-04 1.556751710350938868e-04
1.490485999999999978e+00 6.169529164052807999e-04 1.225186543110516374e-04
1.593328999999999995e+00 5.404102784593122063e-04 9.643951406532137380e-05
1.703268999999999922e+00 4.728571107359557540e-04 7.593239061182125338e-05
1.820794999999999941e+00 4.134715804652732861e-04 5.980675285464299626e-05
1.946430000000000105e+00 3.612929170828953923e-04 4.713156693551904522e-05
2.080732999999999944e+00 3.155688287970441356e-04 3.716107636785305300e-05
2.224304000000000059e+00 2.755734126606656067e-04 2.932212670141208936e-05
2.377781000000000144e+00 2.406024892355743323e-04 2.307827583396222315e-05
2.541847999999999885e+00 2.099796351653246634e-04 1.810662492551071522e-05
2.717235000000000067e+00 1.832041651091221375e-04 1.422368550823403375e-05
2.904723999999999862e+00 1.598231688445776331e-04 1.115823753972306551e-05
3.105150000000000077e+00 1.394640037076721139e-04 8.676786248959525452e-06
3.319405999999999857e+00 1.215838622174645310e-04 6.700736040373696896e-06
3.548445000000000071e+00 1.059181138605780006e-04 5.181200376217513965e-06
3.793287999999999993e+00 9.221916565383798351e-05 4.010871052040889271e-06
4.055024000000000406e+00 8.023975577769356369e-05 3.108922299207432119e-06
4.334820999999999813e+00 6.975344974124073039e-05 2.412921440657429352e-06
4.633924000000000376e+00 6.055027169016693399e-05 1.874992546338377705e-06
4.953663999999999845e+00 5.242757496218844676e-05 1.459090536883756388e-06
5.295467000000000368e+00 4.515383189070713767e-05 1.136917975292576144e-06
5.660854999999999748e+00 3.828257657057730330e-05 8.870979846040725993e-07
5.869416000000000189e+00 3.395176256653363486e-05 7.758698945674977920e-07
5.959253999999999607e+00 3.057170694445049836e-05 7.335393836895736263e-07
5.983210999999999835e+00 2.749788267051598431e-05 7.227405973442933434e-07
6.019146000000000107e+00 3.002140961774386082e-05 6.220362085228212046e-06
6.051453000000000415e+00 3.103760892568858021e-05 6.092917268243624566e-06
6.108984000000000414e+00 3.165079359354712929e-05 5.873887956542351525e-06
6.469003999999999976e+00 3.050417785925308025e-05 4.734552573843282461e-06
6.915365000000000428e+00 2.759972339263166586e-05 3.726222588800052465e-06
7.392525000000000013e+00 2.461506019153325990e-05 2.942177774956854604e-06
7.902608999999999995e+00 2.181668018367223294e-05 2.320377119585239158e-06
8.447889999999999233e+00 1.925949423305098942e-05 1.821429915101002572e-06
9.030794000000000210e+00 1.696053944556386169e-05 1.427272913667910017e-06
9.653919000000000139e+00 1.490329666968438969e-05 1.114053984596715652e-06
1.032004000000000055e+01 1.307776187154321476e-05 8.697819887125942159e-07
1.103212000000000081e+01 1.146511337576134758e-05 6.791150652319009988e-07
1.179334000000000060e+01 1.004484835759356842e-05 5.302994335652936806e-07
1.260707999999999984e+01 8.810146230964263078e-06 4.115144379393578033e-07
1.347696999999999967e+01 7.710187687267805782e-06 3.186799327221653721e-07
1.440687999999999924e+01 6.745076791171771715e-06 2.467706717375933566e-07
1.540094999999999992e+01 5.899348462204575644e-06 1.911422419137090045e-07
1.646361999999999881e+01 5.158850263410725809e-06 1.481038786578084286e-07
1.759960999999999842e+01 4.510875430541909977e-06 1.147921391082068190e-07
1.881398000000000081e+01 3.944061422894228873e-06 8.900805735485743246e-08
2.011214999999999975e+01 3.448394182704559206e-06 6.903997557901620165e-08
2.149988000000000099e+01 3.015021337593467852e-06 5.358198773218174696e-08
2.298338000000000036e+01 2.636149646637132615e-06 4.160104596185069272e-08
2.456923000000000101e+01 2.304973604789942844e-06 3.232175742141206177e-08
2.626450000000000173e+01 2.015510044710040218e-06 2.510653619925148309e-08
2.807676000000000016e+01 1.762416654132905518e-06 1.934609690629711369e-08
3.001405000000000101e+01 1.541099427446234203e-06 1.489925554770887796e-08
3.208502000000000010e+01 1.347600808374378388e-06 1.148812374759429799e-08
3.429889000000000010e+01 1.178430935715593447e-06 8.869998659396184212e-09
3.666550999999999760e+01 1.030544475013515889e-06 6.858660228308220394e-09
3.919543000000000177e+01 9.012537129092445185e-07 5.313105980823029354e-09
4.189992000000000161e+01 7.882157565982763216e-07 4.124642674147614741e-09
4.479100999999999999e+01 6.893840290182445605e-07 3.209808331092794830e-09
4.788159000000000276e+01 6.029691909459236521e-07 2.504778312849640341e-09
5.118542000000000058e+01 5.274082809829743139e-07 1.960844601160885787e-09
5.471721000000000146e+01 4.613334799799734279e-07 1.540649744894621172e-09
5.849269999999999925e+01 4.035515876579885575e-07 1.215578906379776798e-09
6.252870000000000061e+01 3.530185324974036233e-07 9.634741616745532268e-10
6.684318000000000382e+01 3.088222536232570091e-07 7.676023330510010487e-10
7.145535999999999888e+01 2.701669709440624343e-07 6.150308154294102453e-10
7.638577999999999690e+01 2.363570326806625610e-07 4.958451574482944765e-10
8.165640000000000498e+01 2.067833666804511700e-07 4.019930858494484858e-10
8.729068999999999789e+01 1.809123020794856074e-07 3.275317233345055824e-10
9.331373999999999569e+01 1.582819794893428094e-07 2.689792099041895123e-10
9.975239000000000544e+01 1.384841799476484692e-07 2.226997836092876697e-10
1.066353000000000009e+02 1.211652084422323285e-07 1.859044120032575534e-10
1.139930999999999983e+02 1.060135427345475858e-07 1.564797203455346729e-10
1.218586999999999989e+02 9.275795588184021581e-08 1.327762683330437203e-10
1.302668999999999926e+02 8.116098060415096278e-08 1.135419937192674278e-10
1.392553000000000054e+02 7.101445810570156929e-08 9.781959626742743129e-11
1.488640000000000043e+02 6.213711664431353772e-08 8.485294410622788127e-11
1.591356000000000108e+02 5.437003447693110654e-08 7.407418397468728533e-11
1.701159000000000106e+02 4.757444637414278046e-08 6.503713643629493118e-11
1.818539000000000101e+02 4.162836773585623511e-08 5.739564570030726573e-11
1.944018000000000086e+02 3.642576960399790691e-08 5.088507958999830847e-11
2.078155999999999892e+02 3.187348090769174046e-08 4.528944540019545617e-11
2.221547999999999945e+02 2.789038353800852406e-08 4.044654522237644000e-11
2.374834999999999923e+02 2.440511836118485798e-08 3.622805163660577963e-11
2.538699000000000012e+02 2.135546809534450208e-08 3.252793431747845193e-11
2.713869000000000256e+02 1.868698712614556586e-08 2.926679116997322929e-11
2.901125999999999863e+02 1.635201212845009499e-08 2.637657984781145639e-11
3.101304000000000087e+02 1.430879429841917337e-08 2.380378157053071475e-11
3.315294000000000096e+02 1.252098737484538897e-08 2.150664326278932823e-11
3.544048999999999978e+02 1.095655923736847665e-08 1.944885427452264562e-11
3.788587999999999738e+02 9.587598121921979134e-09 1.759908355593040859e-11
4.050000999999999749e+02 8.389712569415928644e-09 1.593348494910802193e-11
4.329451000000000249e+02 7.341524587354027552e-09 1.443069046806755039e-11
