1.067676000000000069e+00 1.403188867532881995e-03 3.812836087506828392e-04
1.141345000000000054e+00 1.230756415604521451e-03 3.027023530997283466e-04
1.220097999999999905e+00 1.076969448444187270e-03 2.405691436496419525e-04
1.304284999999999917e+00 9.407870666941583375e-04 1.914191978805619709e-04
1.394281000000000104e+00 8.204848675623616994e-04 1.524934690796799842e-04
1.490485999999999978e+00 7.145575656211722911e-04 1.216447279047460164e-04
1.593328999999999995e+00 6.214520797770646055e-04 9.707310875153538912e-05
1.703268999999999922e+00 5.393366303463059284e-04 7.713210668091977377e-05
1.820794999999999941e+00 4.666973884055625622e-04 6.128810723281427587e-05
1.946430000000000105e+00 4.022507471573858666e-04 4.877043118855253046e-05
2.080732999999999944e+00 3.445333655030951322e-04 3.883894545650447148e-05
2.224304000000000059e+00 2.915026876688019087e-04 3.094693658104841867e-05
2.377781000000000144e+00 2.385483936089966266e-04 2.469093505696442611e-05
2.469796000000000102e+00 1.995130639518605026e-04 2.172643627015234365e-05
2.507598999999999911e+00 1.667221171777135303e-04 2.064493818413652300e-05
2.517679999999999918e+00 1.353517825669738679e-04 2.036883071981505561e-05
2.532801000000000080e+00 1.619843167994276464e-04 7.701892734177879303e-05
2.541847999999999885e+00 1.701983420133987345e-04 7.597520976385001084e-05
2.572598000000000162e+00 1.789430209875689801e-04 7.256641749632047010e-05
2.611974000000000018e+00 1.725054722386105369e-04 6.848447286430498046e-05
2.622475000000000112e+00 1.596636777314004252e-04 6.744509071835198149e-05
2.638224999999999820e+00 1.736376522730923141e-04 9.194687810977127411e-05
2.677601999999999816e+00 1.848896322258200477e-04 8.701715738729396343e-05
2.717235000000000067e+00 1.874448900880404801e-04 8.243781435428722097e-05
2.808190000000000186e+00 1.840831603600551019e-04 7.322184796246845341e-05
2.851172000000000040e+00 1.779656025271527449e-04 6.939130766631199662e-05
2.862633999999999901e+00 1.722648903114228005e-04 6.841602476117229640e-05
2.879827000000000137e+00 1.765945466327582336e-04 7.704466808047720028e-05
2.904723999999999862e+00 1.785426481150179925e-04 7.479788020120330116e-05
2.922810000000000130e+00 1.787151535601943717e-04 7.322417136590111302e-05
3.105150000000000077e+00 1.704324432719047072e-04 5.933498726933523842e-05
3.319405999999999857e+00 1.557483754769631746e-04 4.687193716152786386e-05
3.548445000000000071e+00 1.401271479268574583e-04 3.686177239424774828e-05
3.793287999999999993e+00 1.248934300639033246e-04 2.896400600127930664e-05
4.055024000000000406e+00 1.106737350982759538e-04 2.277767521423264239e-05
4.334820999999999813e+00 9.770091060485261989e-05 1.792571382534937719e-05
4.633924000000000376e+00 8.602139558890415847e-05 1.411482709183598432e-05
4.953663999999999845e+00 7.560104963185744487e-05 1.112445948686255881e-05
5.295467000000000368e+00 6.656551153668659583e-05 8.736659821822693854e-06
5.660854999999999748e+00 5.833456767930970217e-05 6.842322608085554105e-06
6.051453000000000415e+00 5.111443473844440701e-05 5.351587843010791818e-06
6.469003999999999976e+00 4.470965234532588503e-05 4.187674737909612477e-06
6.915365000000000428e+00 3.908586828677726536e-05 3.280616459618507770e-06
7.392525000000000013e+00 3.415737967371411778e-05 2.572641461263636139e-06
7.902608999999999995e+00 2.984335146696206968e-05 2.017547007586545440e-06
8.447889999999999233e+00 2.607069929835614930e-05 1.583669541013762083e-06
9.030794000000000210e+00 2.277566784345776607e-05 1.241724517855133975e-06
9.653919000000000139e+00 1.988906068003139227e-05 9.667473057145192639e-07
1.032004000000000055e+01 1.736415959153142527e-05 7.533410177010282680e-07
1.103212000000000081e+01 1.515761350793525261e-05 5.875038669906112073e-07
1.179334000000000060e+01 1.322911129680099374e-05 4.570534487474079433e-07
1.260707999999999984e+01 1.154331271410964528e-05 3.554884743383056859e-07
1.347696999999999967e+01 1.006898891109480139e-05 2.759045712656028906e-07
1.440687999999999924e+01 8.778981597725934535e-06 2.144500607168835528e-07
1.540094999999999992e+01 7.649057814756062273e-06 1.669290381351233851e-07
1.646361999999999881e+01 6.656714570645427522e-06 1.301245363312692055e-07
1.759960999999999842e+01 5.779119614021796347e-06 1.015925894148753279e-07
1.881398000000000081e+01 4.983003762366482642e-06 7.943894764625182777e-08
1.959950999999999866e+01 4.479925055269424263e-06 6.837339085010729117e-08
1.989949999999999974e+01 4.198609144872418577e-06 6.468744935401856149e-08
1.997950000000000159e+01 3.989159508892682024e-06 6.374205876960078311e-08
2.011214999999999975e+01 4.126930680575035152e-06 4.040352248886821361e-07
2.039949000000000012e+01 4.153702878848296080e-06 3.827688267689521882e-07
2.149988000000000099e+01 3.875293073016172134e-06 3.144493241735642470e-07
2.298338000000000036e+01 3.450479956730143635e-06 2.472177599726814803e-07
2.456923000000000101e+01 3.048900931510848356e-06 1.947796312707095190e-07
2.626450000000000173e+01 2.685154491525914623e-06 1.533060437557429459e-07
2.807676000000000016e+01 2.360049653774140970e-06 1.198584406661689881e-07
3.001405000000000101e+01 2.071103336228128619e-06 9.359741658070229791e-08
3.208502000000000010e+01 1.815778275205800750e-06 7.312469912262120901e-08
3.429889000000000010e+01 1.590890082890899202e-06 5.715096219340827501e-08
3.666550999999999760e+01 1.393215162158651604e-06 4.468374158765276299e-08
3.919543000000000177e+01 1.219721339160289503e-06 3.495646085051723039e-08
4.189992000000000161e+01 1.068441308358451992e-06 2.721562809852496414e-08
4.479100999999999999e+01 9.348944572942374848e-07 2.115419382902759835e-08
4.788159000000000276e+01 8.178989514609439394e-07 1.645406799455025765e-08
5.118542000000000058e+01 7.154652491740202832e-07 1.280839423067249689e-08
5.471721000000000146e+01 6.258190132165000807e-07 9.979065830759576989e-09
5.849269999999999925e+01 5.473817668206764276e-07 7.782087321375774250e-09
6.252870000000000061e+01 4.787663126447046826e-07 6.074198550654040881e-09
6.684318000000000382e+01 4.187489349757518974e-07 4.745191509648665100e-09
7.145535999999999888e+01 3.662560070118615513e-07 3.712730176015147391e-09
7.638577999999999690e+01 3.203478855138952968e-07 2.909816045163389521e-09
8.165640000000000498e+01 2.802013115199228243e-07 2.282388580223369264e-09
8.729068999999999789e+01 2.450894263358445024e-07 1.789100614563308302e-09
9.331373999999999569e+01 2.143789032121572777e-07 1.404229327143861287e-09
9.975239000000000544e+01 1.875191046532438856e-07 1.105762006822528339e-09
1.066353000000000009e+02 1.640280962545575367e-07 8.736943484510525527e-10
1.139930999999999983e+02 1.434833248686923200e-07 6.930639841777880049e-10
1.218586999999999989e+02 1.255148404120484131e-07 5.521854409898513534e-10
1.302668999999999926e+02 1.097993722151964648e-07 4.420488081693260667e-10
1.392553000000000054e+02 9.605405336512864108e-08 3.557334485492005665e-10
1.488640000000000043e+02 8.403112663260684814e-08 2.878970746840724857e-10
1.591356000000000108e+02 7.351475364823075190e-08 2.344073891420723349e-10
1.701159000000000106e+02 6.431604290945154479e-08 1.920706772524005529e-10
1.818539000000000101e+02 5.626923687219419489e-08 1.584311495115013491e-10
1.944018000000000086e+02 4.923025701827646694e-08 1.315706613379943522e-10
2.078155999999999892e+02 4.307249102610951052e-08 1.100163793661915344e-10
2.221547999999999945e+02 3.768553390460609180e-08 9.262555315195453193e-11
2.374834999999999923e+02 3.297282864178453413e-08 7.851593291175509469e-11
2.538699000000000012e+02 2.884980158469997096e-08 6.698973123886738757e-11
2.713869000000000256e+02 2.524270263294261773e-08 5.750866863583291237e-11
2.901125999999999863e+02 2.208680577659943649e-08 4.966410304874629281e-11
3.101304000000000087e+02 1.932569226013514872e-08 4.311933313818634220e-11
3.315294000000000096e+02 1.690987440744085709e-08 3.762921990862577705e-11
3.544048999999999978e+02 1.479622558018282682e-08 3.298401121246367395e-11
3.788587999999999738e+02 1.294683422001856838e-08 2.902921454838488084e-11
4.050000999999999749e+02 1.132870277347710014e-08 2.564172741330205637e-11
4.329451000000000249e+02 9.912859458195996534e-09 2.271942544945153690e-11
