1.067676000000000069e+00 2.230952270948255004e-07 2.854481146010157476e-08
1.141345000000000054e+00 1.951867887472393218e-07 2.222108115802350585e-08
1.220097999999999905e+00 1.706505576367062937e-07 1.727693966475153000e-08
1.304284999999999917e+00 1.491183685000658161e-07 1.341966681182328298e-08
1.394281000000000104e+00 1.302544426774469835e-07 1.041546680905962703e-08
1.490485999999999978e+00 1.137493977295235958e-07 8.077930902632661861e-09
1.593328999999999995e+00 9.932326136761918378e-08 6.262044581047068949e-09
1.703268999999999922e+00 8.671584753149023298e-08 4.829627940897915230e-09
1.820794999999999941e+00 7.569696737193169618e-08 3.722659840967698494e-09
1.946430000000000105e+00 6.607604418891124658e-08 2.869475168284144195e-09
2.080732999999999944e+00 5.767984233184276637e-08 2.211975993744175316e-09
2.224304000000000059e+00 5.035415956073308123e-08 1.705288089443853990e-09
2.377781000000000144e+00 4.396341327805801092e-08 1.314747040159597759e-09
2.541847999999999885e+00 3.838841721438338708e-08 1.013740325280650756e-09
2.717235000000000067e+00 3.352520386188658249e-08 7.817379405649716542e-10
2.904723999999999862e+00 2.928389374433775126e-08 6.029287729264097104e-10
3.105150000000000077e+00 2.558401084130821804e-08 4.626423269234902108e-10
3.319405999999999857e+00 2.234917286220164542e-08 3.533311086141226191e-10
3.548445000000000071e+00 1.952535367029295284e-08 2.698984239727852292e-10
3.793287999999999993e+00 1.706019631076761511e-08 2.062170489748702101e-10
4.055024000000000406e+00 1.490792999292848033e-08 1.576014382924451757e-10
4.334820999999999813e+00 1.302860603199562456e-08 1.204784523498104856e-10
4.633924000000000376e+00 1.138738062738225929e-08 9.213044055383016297e-11
4.953663999999999845e+00 9.953905596090781496e-09 7.048150641685765874e-11
5.295467000000000368e+00 8.701704204713677909e-09 5.394411890375218772e-11
5.660854999999999748e+00 7.607710375212238933e-09 4.130720874212404193e-11
6.051453000000000415e+00 6.651800934795344197e-09 3.164989430368096888e-11
6.469003999999999976e+00 5.816456531181651537e-09 2.426850479963591470e-11
6.915365000000000428e+00 5.086375911796627756e-09 1.862413709749051152e-11
7.392525000000000013e+00 4.448229736276693937e-09 1.430617826979038111e-11
7.902608999999999995e+00 3.890382937690684846e-09 1.096178350914144979e-11
8.447889999999999233e+00 3.402667194299437797e-09 8.398319206096009757e-12
9.030794000000000210e+00 2.976237869431190777e-09 6.438235926772929477e-12
9.653919000000000139e+00 2.603345020219413644e-09 4.927218073558759134e-12
1.032004000000000055e+01 2.277258921700113618e-09 3.780052294331812655e-12
1.103212000000000081e+01 1.992094812720982932e-09 2.908424476289560438e-12
1.179334000000000060e+01 1.742694615808499038e-09 2.245183097484349184e-12
1.260707999999999984e+01 1.524564625530556935e-09 1.739885998406475207e-12
1.347696999999999967e+01 1.333777018944999868e-09 1.354442171944248885e-12
1.440687999999999924e+01 1.166895310412131539e-09 1.059705205685210120e-12
1.540094999999999992e+01 1.020916067995878372e-09 8.340999355704165540e-13
1.646361999999999881e+01 8.932182301274979151e-10 6.607574677629336716e-13
1.759960999999999842e+01 7.815079187688132731e-10 5.272789342736514339e-13
1.881398000000000081e+01 6.837805874785357710e-10 4.241109901802114073e-13
2.011214999999999975e+01 5.982828933565318113e-10 3.440509611593680586e-13
2.149988000000000099e+01 5.234829549406447936e-10 2.816387832846813949e-13
2.298338000000000036e+01 4.580400240964875844e-10 2.327277038188595812e-13
2.456923000000000101e+01 4.007827997503481010e-10 1.941559428444848268e-13
2.626450000000000173e+01 3.506876008652074659e-10 1.635420863758005049e-13
2.807676000000000016e+01 3.068562292115682195e-10 1.388678665013915206e-13
3.001405000000000101e+01 2.685050359936025747e-10 1.189804827011860363e-13
3.208502000000000010e+01 2.349485802797073838e-10 1.028590304845441047e-13
3.429889000000000010e+01 2.055869848187422345e-10 8.966039596483140503e-14
3.666550999999999760e+01 1.798958154753067056e-10 7.874983920642016288e-14
3.919543000000000177e+01 1.574157884566070934e-10 6.963093274606855698e-14
4.189992000000000161e+01 1.377456466529974393e-10 6.193455468756577061e-14
4.479100999999999999e+01 1.205338178393452560e-10 5.537283386913314068e-14
4.788159000000000276e+01 1.054731001607168679e-10 4.972427582577614548e-14
5.118542000000000058e+01 9.229448502924248538e-11 4.481902374415489965e-14
5.471721000000000146e+01 8.076275010971812680e-11 4.052263401023224498e-14
5.849269999999999925e+01 7.067203338319311577e-11 3.673172522403546556e-14
6.252870000000000061e+01 6.184216443515832847e-11 3.336616572355076704e-14
6.684318000000000382e+01 5.411567391765876481e-11 3.035943937084435358e-14
7.145535999999999888e+01 4.735452123780916154e-11 2.765976732083753351e-14
7.638577999999999690e+01 4.143821840040973248e-11 2.522726969734758721e-14
8.165640000000000498e+01 3.626112796649747051e-11 2.302593375087224265e-14
8.729068999999999789e+01 3.173088555669107586e-11 2.102869540324364887e-14
9.331373999999999569e+01 2.776662729247446877e-11 1.921306775897795895e-14
9.975239000000000544e+01 2.429766844600637131e-11 1.755804186449738012e-14
1.066353000000000009e+02 2.126212904262239455e-11 1.604848169016491818e-14
1.139930999999999983e+02 1.860583347509696156e-11 1.467073275825110124e-14
1.218586999999999989e+02 1.628138385948805894e-11 1.341057053825774035e-14
1.302668999999999926e+02 1.424735938489424580e-11 1.225815473134485534e-14
1.392553000000000054e+02 1.246743774166622879e-11 1.120358591204451313e-14
1.488640000000000043e+02 1.090988229480063274e-11 1.023871046126063699e-14
1.591356000000000108e+02 9.546924788549673834e-12 9.354612806485700648e-15
1.701159000000000106e+02 8.354243662969550052e-12 8.546045522570993257e-15
1.818539000000000101e+02 7.310567530839553230e-12 7.806675058721038134e-15
1.944018000000000086e+02 6.397267740486452570e-12 7.129513390227229353e-15
2.078155999999999892e+02 5.598068130527173116e-12 6.510006854039307071e-15
2.221547999999999945e+02 4.898718090471083377e-12 5.943362637391557975e-15
2.374834999999999923e+02 4.286732148529038894e-12 5.425647979168083547e-15
2.538699000000000012e+02 3.751199703614350580e-12 4.952268934415705420e-15
2.713869000000000256e+02 3.282571756819138451e-12 4.519514316699032014e-15
2.901125999999999863e+02 2.872491858370688812e-12 4.124370044040080518e-15
3.101304000000000087e+02 2.513637749270399734e-12 3.763259800495159682e-15
3.315294000000000096e+02 2.199618041635182864e-12 3.434218908178570478e-15
3.544048999999999978e+02 1.924825273485538207e-12 3.133695677570290276e-15
3.788587999999999738e+02 1.684364150182167220e-12 2.859541446797032689e-15
4.050000999999999749e+02 1.473940209680515098e-12 2.609482189335918306e-15
4.329451000000000249e+02 1.289806229528251403e-12 2.381489975091349673e-15
