1.067676000000000069e+00 1.373061625312335518e-07 4.928025187090026362e-08
1.141345000000000054e+00 1.254641051444972577e-07 3.891403083238411119e-08
1.220097999999999905e+00 1.130608246310865354e-07 3.063673360203824525e-08
1.304284999999999917e+00 1.009884110760990143e-07 2.407203667910381519e-08
1.394281000000000104e+00 8.967175995939017014e-08 1.889289460026440860e-08
1.490485999999999978e+00 7.930887259832897083e-08 1.480325522063396303e-08
1.593328999999999995e+00 6.990400111748368697e-08 1.155434203189345259e-08
1.703268999999999922e+00 6.145952551892583457e-08 9.016758330589676378e-09
1.820794999999999941e+00 5.393925016935043819e-08 7.034417218836231134e-09
1.946430000000000105e+00 4.727776126575691954e-08 5.487184521832226090e-09
2.080732999999999944e+00 4.139864356951624165e-08 4.278965105560110639e-09
2.224304000000000059e+00 3.622475482682476884e-08 3.336003669376989142e-09
2.377781000000000144e+00 3.168101910282141586e-08 2.600245171766298802e-09
2.541847999999999885e+00 2.769678792682676098e-08 2.026318459109573420e-09
2.717235000000000067e+00 2.420589569801911088e-08 1.578794303832989946e-09
2.904723999999999862e+00 2.115270589483649520e-08 1.229957664339594509e-09
3.105150000000000077e+00 1.849103004101247793e-08 9.544775696484018422e-10
3.319405999999999857e+00 1.615548581338458376e-08 7.380721353631205163e-10
3.548445000000000071e+00 1.411326320884472125e-08 5.694539456431528090e-10
3.793287999999999993e+00 1.232748285097835220e-08 4.373683030686027091e-10
4.055024000000000406e+00 1.076710632725565465e-08 3.359973969341479895e-10
4.334820999999999813e+00 9.404198533268476101e-09 2.581620693631927658e-10
4.633924000000000376e+00 8.214341519050554790e-09 1.983834498118912240e-10
4.953663999999999845e+00 7.175501389267771527e-09 1.524810442582622612e-10
5.295467000000000368e+00 6.268571705696030755e-09 1.172269649205402722e-10
5.660854999999999748e+00 5.476846775329465593e-09 9.014581494415951963e-11
6.051453000000000415e+00 4.785579388041962474e-09 6.934239176995641965e-11
6.469003999999999976e+00 4.182003225348414706e-09 5.335424666819537163e-11
6.915365000000000428e+00 3.654943550913056115e-09 4.106963168466894156e-11
7.392525000000000013e+00 3.194588345529977304e-09 3.162579619027501346e-11
7.902608999999999995e+00 2.792489169376851721e-09 2.436583545966425211e-11
8.447889999999999233e+00 2.441239939404496423e-09 1.878191285210922606e-11
9.030794000000000210e+00 2.134382253892207092e-09 1.445949910411516480e-11
9.653919000000000139e+00 1.866168140381982458e-09 1.106415733039856363e-11
1.032004000000000055e+01 1.631770883562804244e-09 8.474162825774482510e-12
1.103212000000000081e+01 1.426899810741803461e-09 6.497505280400304717e-12
1.179334000000000060e+01 1.247822953747951062e-09 4.988268984686618110e-12
1.260707999999999984e+01 1.091285781670025835e-09 3.835195751383018949e-12
1.347696999999999967e+01 9.544327908669270562e-10 2.953713668320431779e-12
1.440687999999999924e+01 8.347917967854535348e-10 2.279381603201826766e-12
1.540094999999999992e+01 7.301774300418087926e-10 1.763003514402380172e-12
1.646361999999999881e+01 6.387040753483032496e-10 1.366400242097728389e-12
1.759960999999999842e+01 5.587070001123083819e-10 1.059012248327309368e-12
1.881398000000000081e+01 4.887490831852774578e-10 8.237813397064073633e-13
2.011214999999999975e+01 4.275632532391367828e-10 6.435865193437967291e-13
2.149988000000000099e+01 3.740488470571695833e-10 5.051549864489540160e-13
2.298338000000000036e+01 3.272416614805294788e-10 3.986501662135338232e-13
2.456923000000000101e+01 2.862977466019875284e-10 3.165180051416817892e-13
2.626450000000000173e+01 2.504842198091606216e-10 2.529851596286601027e-13
2.807676000000000016e+01 2.191547807994656229e-10 2.032094325451782130e-13
3.001405000000000101e+01 1.917460085587321014e-10 1.644422763415103292e-13
3.208502000000000010e+01 1.677684063960958274e-10 1.342292850340848958e-13
3.429889000000000010e+01 1.467906114483646578e-10 1.105576395031730479e-13
3.666550999999999760e+01 1.284384994535194170e-10 9.190520690427518248e-14
3.919543000000000177e+01 1.123819139765293418e-10 7.710601166324717955e-14
4.189992000000000161e+01 9.833357902496165098e-11 6.527968348068326786e-14
4.479100999999999999e+01 8.604225869548896670e-11 5.575410188723037933e-14
4.788159000000000276e+01 7.528804222003136116e-11 4.801384293319294557e-14
5.118542000000000058e+01 6.587862782567522003e-11 4.166924195488174884e-14
5.471721000000000146e+01 5.764520023566829064e-11 3.641991349159770756e-14
5.849269999999999925e+01 5.044126838094335275e-11 3.203670362935609095e-14
6.252870000000000061e+01 4.413761174168450999e-11 2.834015225436507190e-14
6.684318000000000382e+01 3.862250152005581257e-11 2.519649428394022705e-14
7.145535999999999888e+01 3.379618001646576103e-11 2.249804610435398556e-14
7.638577999999999690e+01 2.957325833062526820e-11 2.016210930180325230e-14
8.165640000000000498e+01 2.587800116652832239e-11 1.812821507052722282e-14
8.729068999999999789e+01 2.264470406656825172e-11 1.634206802607158123e-14
9.331373999999999569e+01 1.981519193240365584e-11 1.476416866943102352e-14
9.975239000000000544e+01 1.733957760323760122e-11 1.336334588435044764e-14
1.066353000000000009e+02 1.517310484034631597e-11 1.211133009034809622e-14
1.139930999999999983e+02 1.327732651117447451e-11 1.098994376763558485e-14
1.218586999999999989e+02 1.161850743022224936e-11 9.982540148342823201e-15
1.302668999999999926e+02 1.016695549567523556e-11 9.073379558650423085e-15
1.392553000000000054e+02 8.896747601774335795e-12 8.252468785273502011e-15
1.488640000000000043e+02 7.785222426442285129e-12 7.509172212793418092e-15
1.591356000000000108e+02 6.812575984964337350e-12 6.834731045122254842e-15
1.701159000000000106e+02 5.961449839915949116e-12 6.222880146362154358e-15
1.818539000000000101e+02 5.216707299061703292e-12 5.666541744585342025e-15
1.944018000000000086e+02 4.564958166817876858e-12 5.161203922781389065e-15
2.078155999999999892e+02 3.994671533867553128e-12 4.701472112817200444e-15
2.221547999999999945e+02 3.495599111531436188e-12 4.282940236705361961e-15
2.374834999999999923e+02 3.058906068796952891e-12 3.901983859183214649e-15
2.538699000000000012e+02 2.676767181427820710e-12 3.555295071939165361e-15
2.713869000000000256e+02 2.342345311257897161e-12 3.239849061915984332e-15
2.901125999999999863e+02 2.049724525321864197e-12 2.952308486989649120e-15
3.101304000000000087e+02 1.793659497337356466e-12 2.690789930236526630e-15
3.315294000000000096e+02 1.569584078707726218e-12 2.452503474395307429e-15
3.544048999999999978e+02 1.373488101628411615e-12 2.235751979928265852e-15
3.788587999999999738e+02 1.201903440770692663e-12 2.038488941013746918e-15
4.050000999999999749e+02 1.051753767182141946e-12 1.858989804613803180e-15
4.329451000000000249e+02 9.203620010715186498e-13 1.695679671987914725e-15
