1.003060000000000063e+00 1.140526066682268211e-03 8.349940406599647971e-04
1.007092000000000098e+00 1.083238852298133801e-03 8.231566306955343361e-04
1.013141000000000069e+00 1.139155934053056240e-03 9.165842427447214776e-04
1.028262000000000009e+00 1.183113806055376702e-03 8.709036000802678314e-04
1.067676000000000069e+00 1.189737345499975374e-03 7.650130328246412684e-04
1.141345000000000054e+00 1.129870077731812790e-03 6.094083719016620037e-04
1.220097999999999905e+00 1.041658479233833817e-03 4.861804889280526773e-04
1.304284999999999917e+00 9.461006456633343871e-04 3.880924884032392217e-04
1.394281000000000104e+00 8.513169269465920399e-04 3.088935021699466018e-04
1.490485999999999978e+00 7.610881738212727388e-04 2.449782397177235069e-04
1.593328999999999995e+00 6.760245770603569683e-04 1.931314950547100668e-04
1.703268999999999922e+00 5.976789979283935990e-04 1.522167497616671065e-04
1.820794999999999941e+00 5.267014893441675878e-04 1.199709895130580040e-04
1.946430000000000105e+00 4.630682344690616984e-04 9.457939555076200233e-05
2.080732999999999944e+00 4.070400486718312198e-04 7.451120883509360548e-05
2.224304000000000059e+00 3.567422519526755815e-04 5.862577693179356716e-05
2.377781000000000144e+00 3.123049225344712429e-04 4.614651760500536050e-05
2.541847999999999885e+00 2.731864635841268390e-04 3.634702954623319972e-05
2.717235000000000067e+00 2.388169945468200195e-04 2.864757034702575071e-05
2.904723999999999862e+00 2.087160443744909646e-04 2.259855364883910168e-05
3.105150000000000077e+00 1.824636054154150163e-04 1.773264770541590842e-05
3.319405999999999857e+00 1.593609860121956848e-04 1.384790889393136776e-05
3.548445000000000071e+00 1.391115241496549977e-04 1.078928925302166378e-05
3.793287999999999993e+00 1.213717623326220237e-04 8.383642777559301927e-06
4.055024000000000406e+00 1.058588669880777811e-04 6.523657696206453023e-06
4.334820999999999813e+00 9.231023013782556027e-05 5.084233214493461865e-06
4.633924000000000376e+00 8.047823919938182986e-05 3.949771878790234008e-06
4.953663999999999845e+00 7.013879166550905219e-05 3.070188757087906385e-06
5.295467000000000368e+00 6.110533586149750017e-05 2.389368808496474258e-06
5.660854999999999748e+00 5.320931886402181408e-05 1.861533569350316306e-06
6.051453000000000415e+00 4.629985338090755027e-05 1.452261684832649669e-06
6.469003999999999976e+00 4.023950022465864335e-05 1.134419992323527610e-06
6.915365000000000428e+00 3.489716378403254823e-05 8.872608166875951025e-07
7.392525000000000013e+00 3.012634656528263215e-05 6.948574814364751620e-07
7.902608999999999995e+00 2.564969286235697354e-05 5.448900406022582565e-07
8.166143999999999181e+00 2.315262049367741265e-05 4.837461213642373343e-07
8.291135999999999839e+00 2.114760338846735698e-05 4.578516856522653027e-07
8.324467000000000283e+00 1.940789308069994104e-05 4.512494706607365247e-07
8.374463999999999686e+00 2.076180186326584350e-05 3.502002494741930597e-06
8.447889999999999233e+00 2.142925143508479994e-05 3.383608218232877358e-06
8.499456000000000344e+00 2.154614637915047969e-05 3.303351564093011476e-06
9.030794000000000210e+00 2.036744967485078488e-05 2.643428464289921895e-06
9.653919000000000139e+00 1.832503388589609128e-05 2.089783953519146079e-06
1.032004000000000055e+01 1.629815030919651517e-05 1.638470090403147861e-06
1.103212000000000081e+01 1.440690618078337932e-05 1.278110277222612541e-06
1.179334000000000060e+01 1.269121738454576629e-05 9.984787708179616281e-07
1.260707999999999984e+01 1.115614615473569315e-05 7.802747612610647630e-07
1.347696999999999967e+01 9.792644467136227995e-06 6.098209459562812756e-07
1.440687999999999924e+01 8.587155397830340057e-06 4.767330996561042828e-07
1.540094999999999992e+01 7.524725135977479776e-06 3.727821323543679711e-07
1.646361999999999881e+01 6.590492864820227949e-06 2.915418675180250465e-07
1.759960999999999842e+01 5.777534415794556041e-06 2.266569327504735015e-07
1.881398000000000081e+01 5.055805170968965731e-06 1.760294566559245074e-07
2.011214999999999975e+01 4.423047346210994483e-06 1.367577133259747574e-07
2.149988000000000099e+01 3.868805818777820035e-06 1.062833479996292424e-07
2.298338000000000036e+01 3.383615875407387039e-06 8.257808692339245886e-08
2.456923000000000101e+01 2.959077780606809790e-06 6.418921970356382377e-08
2.626450000000000173e+01 2.587732606380127768e-06 4.991688096621853408e-08
2.807676000000000016e+01 2.262945247096785678e-06 3.866790672190103701e-08
3.001405000000000101e+01 1.978818534841827622e-06 2.993023751045428439e-08
3.208502000000000010e+01 1.730351746831237332e-06 2.318322573947380397e-08
3.429889000000000010e+01 1.513103584952709248e-06 1.797377176179358239e-08
3.666550999999999760e+01 1.323168565821373876e-06 1.393167215264731627e-08
3.919543000000000177e+01 1.157095222537327775e-06 1.076807709487905780e-08
4.189992000000000161e+01 1.011879679396203558e-06 8.334455411145644950e-09
4.479100999999999999e+01 8.849169688043900515e-07 6.461524106690680887e-09
4.788159000000000276e+01 7.739115412926165886e-07 5.019070783304841194e-09
5.118542000000000058e+01 6.768570202985280573e-07 3.907156480198164778e-09
5.471721000000000146e+01 5.919948362989083074e-07 3.049013860066959681e-09
5.849269999999999925e+01 5.177923916885864058e-07 2.386277427884908771e-09
6.252870000000000061e+01 4.529083073157949494e-07 1.873647631748921232e-09
6.684318000000000382e+01 3.961674462865493730e-07 1.476644562176350062e-09
7.145535999999999888e+01 3.465486445246493430e-07 1.168589188623445010e-09
7.638577999999999690e+01 3.031530477482894990e-07 9.291501169837088080e-10
8.165640000000000498e+01 2.652000074320922501e-07 7.418464833792933768e-10
8.729068999999999789e+01 2.320042506632733293e-07 5.944114970258493397e-10
9.331373999999999569e+01 2.029687627069918050e-07 4.793902309393354746e-10
9.975239000000000544e+01 1.775708350425410181e-07 3.893053436930004701e-10
1.066353000000000009e+02 1.553543403391030414e-07 3.184810004457108965e-10
1.139930999999999983e+02 1.359199166758922714e-07 2.625281356842983317e-10
1.218586999999999989e+02 1.189190055915032631e-07 2.181075906752652241e-10
1.302668999999999926e+02 1.040462659049843864e-07 1.826362191654008871e-10
1.392553000000000054e+02 9.103517421698058217e-08 1.541338309337448071e-10
1.488640000000000043e+02 7.965215919231070300e-08 1.310692090724701159e-10
1.591356000000000108e+02 6.969331124078504078e-08 1.122772323558617758e-10
1.701159000000000106e+02 6.098029046656520320e-08 9.684688797523039360e-11
1.818539000000000101e+02 5.335729087463844491e-08 8.407566368129790815e-11
1.944018000000000086e+02 4.668756765380651931e-08 7.342611959949540157e-11
2.078155999999999892e+02 4.085196686350163336e-08 6.446458190806218191e-11
2.221547999999999945e+02 3.574607867563011256e-08 5.686405480384436003e-11
2.374834999999999923e+02 3.127854725769893770e-08 5.037182805506651026e-11
2.538699000000000012e+02 2.736945986549113107e-08 4.479215750008923476e-11
2.713869000000000256e+02 2.394918479600987355e-08 3.994947518600165075e-11
2.901125999999999863e+02 2.095632653747814970e-08 3.573000398060477115e-11
3.101304000000000087e+02 1.833760463380000423e-08 3.202756419079370687e-11
3.315294000000000096e+02 1.604623812896410470e-08 2.876284465456885952e-11
3.544048999999999978e+02 1.404119067087626207e-08 2.587288310639062665e-11
3.788587999999999738e+02 1.228672698691857878e-08 2.330339228661504461e-11
4.050000999999999749e+02 1.075151960025937074e-08 2.100898706132824378e-11
4.329451000000000249e+02 9.408169860971913218e-09 1.895628991578679908e-11
