1.067676000000000069e+00 2.516667897627950195e-07 4.553376397805042513e-08
1.141345000000000054e+00 2.211805198749948574e-07 3.552171634837062306e-08
1.220097999999999905e+00 1.940305757177864057e-07 2.769776165264616920e-08
1.304284999999999917e+00 1.699873877075794277e-07 2.158794745427128120e-08
1.394281000000000104e+00 1.487777120807154617e-07 1.681950184244076887e-08
1.490485999999999978e+00 1.301209049799602895e-07 1.310112781278908613e-08
1.593328999999999995e+00 1.137441769659549097e-07 1.020082597483206929e-08
1.703268999999999922e+00 9.940193224129533164e-08 7.941972127531763986e-09
1.820794999999999941e+00 8.683867895971127606e-08 6.181501073610655590e-09
1.946430000000000105e+00 7.585259999596426112e-08 4.810735844212728654e-09
2.080732999999999944e+00 6.625342586610004029e-08 3.743713507380322942e-09
2.224304000000000059e+00 5.786737446926579321e-08 2.898222031928080762e-09
2.377781000000000144e+00 5.053456159468612037e-08 2.237995018774514211e-09
2.541847999999999885e+00 4.412877756159955573e-08 1.728242149205332014e-09
2.717235000000000067e+00 3.853591790886175836e-08 1.334728405899620985e-09
2.904723999999999862e+00 3.365415790641869044e-08 1.030945272603240437e-09
3.105150000000000077e+00 2.939485623987309991e-08 7.924211910421101217e-10
3.319405999999999857e+00 2.567473604632077609e-08 6.063163486417239452e-10
3.548445000000000071e+00 2.242595708502618431e-08 4.639258155181224018e-10
3.793287999999999993e+00 1.958970881648654527e-08 3.550880265278207916e-10
4.055024000000000406e+00 1.711376114554174404e-08 2.718189762378804212e-10
4.334820999999999813e+00 1.495229804547088872e-08 2.081239517822730681e-10
4.633924000000000376e+00 1.306522705540437819e-08 1.593946429054352422e-10
4.953663999999999845e+00 1.141754984931362175e-08 1.221115712991108499e-10
5.295467000000000368e+00 9.978713823202559427e-09 9.357930590177999401e-11
5.660854999999999748e+00 8.722068196969730218e-09 7.174209584459241888e-11
6.051453000000000415e+00 7.624415163588537768e-09 5.502598029029152245e-11
6.469003999999999976e+00 6.665499213544342144e-09 4.222606597466029426e-11
6.915365000000000428e+00 5.827680212519459575e-09 3.242223646955593238e-11
7.392525000000000013e+00 5.095577640566369871e-09 2.491294801988388716e-11
7.902608999999999995e+00 4.455774639622004723e-09 1.915727100253359584e-11
8.447889999999999233e+00 3.896573545605329004e-09 1.474682030684843240e-11
9.030794000000000210e+00 3.407776543192893058e-09 1.134771783432359050e-11
9.653919000000000139e+00 2.980468403487962618e-09 8.700605795697344535e-12
1.032004000000000055e+01 2.606857188877318135e-09 6.668983089042106483e-12
1.103212000000000081e+01 2.280173877158122480e-09 5.111188065841825272e-12
1.179334000000000060e+01 1.994506356319622705e-09 3.926102047083997675e-12
1.260707999999999984e+01 1.744694340039793796e-09 3.024118134591503697e-12
1.347696999999999967e+01 1.526225804815939119e-09 2.337045900819927110e-12
1.440687999999999924e+01 1.335158902540666050e-09 1.812789300806964360e-12
1.540094999999999992e+01 1.168046924472868987e-09 1.412155631279954011e-12
1.646361999999999881e+01 1.021877910025653132e-09 1.105559407976765628e-12
1.759960999999999842e+01 8.940231574011076974e-10 8.703549313108429523e-13
1.881398000000000081e+01 7.821830749404143855e-10 6.895226207528383933e-13
2.011214999999999975e+01 6.843478143349897035e-10 5.500353271791713509e-13
2.149988000000000099e+01 5.987617430328512068e-10 4.421131168166057776e-13
2.298338000000000036e+01 5.238869640596384993e-10 3.582745656941663218e-13
2.456923000000000101e+01 4.583831117820830008e-10 2.928546222394670683e-13
2.626450000000000173e+01 4.010750978082874774e-10 2.415449428838593775e-13
2.807676000000000016e+01 3.509349326986289652e-10 2.006827042405780414e-13
3.001405000000000101e+01 3.070667991224070397e-10 1.682517791662638878e-13
3.208502000000000010e+01 2.686845635237003247e-10 1.424182386803838870e-13
3.429889000000000010e+01 2.351022747481250505e-10 1.216737870927807019e-13
3.666550999999999760e+01 2.057189847199185482e-10 1.048627796008237969e-13
3.919543000000000177e+01 1.800091363712232779e-10 9.111603065863899315e-14
4.189992000000000161e+01 1.575133330782121102e-10 7.975420389076978923e-14
4.479100999999999999e+01 1.378297614470478120e-10 7.028021741331060471e-14
4.788159000000000276e+01 1.206063633128932789e-10 6.229234820665660289e-14
5.118542000000000058e+01 1.055358843207964165e-10 5.549456862059286354e-14
5.471721000000000146e+01 9.234879607778849068e-11 4.965814304037705637e-14
5.849269999999999925e+01 8.080976613408892151e-11 4.460223228574660811e-14
6.252870000000000061e+01 7.071280673477993531e-11 4.018750566980723366e-14
6.684318000000000382e+01 6.187759732649141843e-11 3.630230434984763373e-14
7.145535999999999888e+01 5.414636916303502991e-11 3.286337230507083593e-14
7.638577999999999690e+01 4.738128898612340199e-11 2.980140980640511674e-14
8.165640000000000498e+01 4.146149281182277018e-11 2.706216076358609166e-14
8.729068999999999789e+01 3.628140627894768197e-11 2.460353954591855271e-14
9.331373999999999569e+01 3.174850972668735013e-11 2.238475864420729808e-14
9.975239000000000544e+01 2.778200431593591907e-11 2.038150731833048695e-14
1.066353000000000009e+02 2.431108849562011370e-11 1.856577766508595324e-14
1.139930999999999983e+02 2.127384588902795801e-11 1.691912746825502364e-14
1.218586999999999989e+02 1.861601837496661141e-11 1.542062047905294173e-14
1.302668999999999926e+02 1.629029727763816716e-11 1.405920414160203313e-14
1.392553000000000054e+02 1.425514136088404023e-11 1.281872093484222624e-14
1.488640000000000043e+02 1.247422159414942488e-11 1.168861802036086419e-14
1.591356000000000108e+02 1.091580980947532726e-11 1.065926009484648171e-14
1.701159000000000106e+02 9.552107671217333400e-12 9.719495170308802311e-15
1.818539000000000101e+02 8.358776233134681042e-12 8.863136445790207233e-15
1.944018000000000086e+02 7.314518548500400096e-12 8.082240805899896248e-15
2.078155999999999892e+02 6.400721521576023063e-12 7.370280979130745635e-15
2.221547999999999945e+02 5.601092374113071012e-12 6.720701812068555206e-15
2.374834999999999923e+02 4.901361252317455077e-12 6.129248190951709685e-15
2.538699000000000012e+02 4.289039888913577354e-12 5.589251372851786213e-15
2.713869000000000256e+02 3.753221590369013495e-12 5.098270313072586261e-15
2.901125999999999863e+02 3.284340993423292018e-12 4.650101693830481422e-15
3.101304000000000087e+02 2.874035988206714606e-12 4.241936234052774031e-15
3.315294000000000096e+02 2.514989883345604832e-12 3.870774126244914441e-15
3.544048999999999978e+02 2.200798894557965668e-12 3.532485592739728067e-15
3.788587999999999738e+02 1.925861433147808651e-12 3.224549862296955024e-15
4.050000999999999749e+02 1.685268064617558376e-12 2.944276033463638279e-15
4.329451000000000249e+02 1.474733665512728724e-12 2.689207460894062442e-15
