1.067676000000000069e+00 3.643564340676595618e-04 3.059071140816374578e-05
1.141345000000000054e+00 3.170212767760502252e-04 2.375523899780851488e-05
1.220097999999999905e+00 2.756280768318907144e-04 1.846638027560498698e-05
1.304284999999999917e+00 2.394543676166822953e-04 1.436957192578842011e-05
1.394281000000000104e+00 2.078275053644600785e-04 1.119453444317938362e-05
1.490485999999999978e+00 1.801335188267133266e-04 8.730817515553073997e-06
1.593328999999999995e+00 1.558041879756602664e-04 6.816827395193335332e-06
1.703268999999999922e+00 1.342969822943113512e-04 5.328400199820510726e-06
1.820794999999999941e+00 1.150140090574255388e-04 4.169779190984065494e-06
1.946430000000000105e+00 9.704499319746832096e-05 3.266773499940858267e-06
2.080732999999999944e+00 7.705863622246057222e-05 2.562383856786314354e-06
2.102590000000000181e+00 7.246252618383105637e-05 2.466993046639152667e-06
2.134771999999999892e+00 6.007690120656815775e-05 2.334733694944600875e-06
2.143353999999999981e+00 4.744935713101188949e-05 2.301080362304072545e-06
2.156226999999999894e+00 5.894291396147509099e-05 2.589140515589412474e-05
2.188410000000000188e+00 6.785673845908420120e-05 2.472509003644250577e-05
2.224304000000000059e+00 7.039902171590887124e-05 2.350540324992331727e-05
2.377781000000000144e+00 6.936849808526564958e-05 1.872289252480649767e-05
2.541847999999999885e+00 6.393396889655863222e-05 1.472285421124149261e-05
2.717235000000000067e+00 5.766396477989922702e-05 1.154702304106280133e-05
2.904723999999999862e+00 5.146434427380893123e-05 9.079261844735195500e-06
3.105150000000000077e+00 4.567857802265391635e-05 7.128021012591127112e-06
3.319405999999999857e+00 4.036472080986646765e-05 5.580216434269475549e-06
3.548445000000000071e+00 3.556402985551785213e-05 4.369460204641974216e-06
3.793287999999999993e+00 3.127054147626486463e-05 3.419817861896036930e-06
4.055024000000000406e+00 2.745550029855604917e-05 2.676857135005171758e-06
4.334820999999999813e+00 2.415410949156793509e-05 2.092371364020395666e-06
4.633924000000000376e+00 2.116312526834045351e-05 1.621931671421928808e-06
4.953663999999999845e+00 1.852530686024163670e-05 1.257401442938376093e-06
5.295467000000000368e+00 1.620669454949790524e-05 9.749403078153003094e-07
5.660854999999999748e+00 1.417275257026350154e-05 7.560664516596864218e-07
6.051453000000000415e+00 1.239077107765380443e-05 5.863866857600240195e-07
6.469003999999999976e+00 1.083099589267554272e-05 4.548553182025001611e-07
6.915365000000000428e+00 9.466573343248563190e-06 3.528955967605081107e-07
7.392525000000000013e+00 8.273534617002945308e-06 2.738304534690874415e-07
7.902608999999999995e+00 7.230838930802674525e-06 2.125246470925867318e-07
8.447889999999999233e+00 6.319664026587484666e-06 1.649782879084735066e-07
9.030794000000000210e+00 5.523771717063126988e-06 1.279121355717528518e-07
9.653919000000000139e+00 4.828137814326489424e-06 9.834095150818219570e-08
1.032004000000000055e+01 4.219825485835897682e-06 7.543214918523474466e-08
1.103212000000000081e+01 3.688201580209081102e-06 5.788260463187535784e-08
1.179334000000000060e+01 3.223650606619377509e-06 4.443769659972800632e-08
1.260707999999999984e+01 2.817759105039059372e-06 3.413154257864060901e-08
1.347696999999999967e+01 2.463148362312455278e-06 2.623179267219533419e-08
1.440687999999999924e+01 2.153291072347795968e-06 2.017389585961955788e-08
1.540094999999999992e+01 1.882548779378624783e-06 1.552726535245711194e-08
1.646361999999999881e+01 1.645964416664303464e-06 1.196083864347066577e-08
1.759960999999999842e+01 1.439197550223322278e-06 9.223020377529593151e-09
1.881398000000000081e+01 1.258496133468886895e-06 7.120266169938964369e-09
2.011214999999999975e+01 1.100539854774503455e-06 5.504372848251707212e-09
2.149988000000000099e+01 9.624736004403100115e-07 4.261763231801477459e-09
2.298338000000000036e+01 8.417657118711646568e-07 3.305659365203755990e-09
2.456923000000000101e+01 7.362407718669123056e-07 2.569370856690379950e-09
2.626450000000000173e+01 6.439745202480561399e-07 2.001796836930397102e-09
2.807676000000000016e+01 5.632890587086854489e-07 1.556083044303277233e-09
3.001405000000000101e+01 4.927297420312994120e-07 1.211710766785165510e-09
3.208502000000000010e+01 4.310258255261072628e-07 9.473226274795073884e-10
3.429889000000000010e+01 3.770589267739806284e-07 7.439755247721710601e-10
3.666550999999999760e+01 3.298578639771412784e-07 5.872221536384720329e-10
3.919543000000000177e+01 2.885750556243846883e-07 4.661401474144685844e-10
4.189992000000000161e+01 2.524655631658974199e-07 3.723538810630618427e-10
4.479100999999999999e+01 2.208789614930459866e-07 2.994861590258015506e-10
4.788159000000000276e+01 1.932480478237067413e-07 2.422845830519871432e-10
5.118542000000000058e+01 1.690770014550132113e-07 1.974703059258330474e-10
5.471721000000000146e+01 1.479321907083506302e-07 1.623309871770700085e-10
5.849269999999999925e+01 1.294334459443109668e-07 1.346271882031112106e-10
6.252870000000000061e+01 1.132502040272563527e-07 1.126525959786585004e-10
6.684318000000000382e+01 9.909104632058147480e-08 9.510359210628415803e-11
7.145535999999999888e+01 8.670329548307301811e-08 8.098801594492719509e-11
7.638577999999999690e+01 7.586469033218707689e-08 6.954022358093570950e-11
8.165640000000000498e+01 6.638187979042649267e-08 6.018182170666880189e-11
8.729068999999999789e+01 5.808477654799371088e-08 5.246043806907427910e-11
9.331373999999999569e+01 5.082541573308276632e-08 4.603406582329152829e-11
9.975239000000000544e+01 4.447331137100962299e-08 4.063216128567936128e-11
1.066353000000000009e+02 3.891560962594762729e-08 3.605335997750673142e-11
1.139930999999999983e+02 3.405245599394992744e-08 3.214010455841625470e-11
1.218586999999999989e+02 2.979717705402529223e-08 2.876169264266647752e-11
1.302668999999999926e+02 2.607387470900073473e-08 2.582716614424870398e-11
1.392553000000000054e+02 2.281580475006823620e-08 2.325762337985777116e-11
1.488640000000000043e+02 1.996495386058873550e-08 2.099382734687774953e-11
1.591356000000000108e+02 1.747034208683559439e-08 1.898676721228190855e-11
1.701159000000000106e+02 1.528753985434503818e-08 1.719982869343638716e-11
1.818539000000000101e+02 1.337745483873582153e-08 1.560146322631239988e-11
1.944018000000000086e+02 1.170602598380377126e-08 1.416345888350867550e-11
2.078155999999999892e+02 1.024349044543704953e-08 1.287010812150535266e-11
2.221547999999999945e+02 8.963694882325349370e-09 1.170035279991623415e-11
2.374834999999999923e+02 7.843787073558282259e-09 1.064077574408352624e-11
2.538699000000000012e+02 6.863797522371916348e-09 9.680350338272487977e-12
2.713869000000000256e+02 6.006289097934217822e-09 8.807577207869198902e-12
2.901125999999999863e+02 5.255909938699697348e-09 8.013875007797982813e-12
3.101304000000000087e+02 4.599245885538567770e-09 7.291538112910744015e-12
3.315294000000000096e+02 4.024651837913147062e-09 6.633645662315828350e-12
3.544048999999999978e+02 3.521867203624537419e-09 6.034101872902552875e-12
3.788587999999999738e+02 3.081873142288858134e-09 5.487755157028094900e-12
4.050000999999999749e+02 2.696847324957385127e-09 4.989798595757064697e-12
4.329451000000000249e+02 2.359940014507508435e-09 4.535868952706085364e-12
