1.067676000000000069e+00 1.625167441367476266e-03 6.033580127306056515e-04
1.141345000000000054e+00 1.439501185477702356e-03 4.832683795851250731e-04
1.220097999999999905e+00 1.270797838318449540e-03 3.867008902570710999e-04
1.304284999999999917e+00 1.119063222995323164e-03 3.093915383938945231e-04
1.394281000000000104e+00 9.834361052772455473e-04 2.462921271197767337e-04
1.490485999999999978e+00 8.617898670803276345e-04 1.953858214809608518e-04
1.593328999999999995e+00 7.536060278244416247e-04 1.552631457001860951e-04
1.703268999999999922e+00 6.581738910297624126e-04 1.235892566676339633e-04
1.820794999999999941e+00 5.738899702296722726e-04 9.855031627942060536e-05
1.946430000000000105e+00 4.997737436264098124e-04 7.871482627989921687e-05
2.080732999999999944e+00 4.346690133048299433e-04 6.299495145208847558e-05
2.224304000000000059e+00 3.774092951575247685e-04 5.029557209638918838e-05
2.377781000000000144e+00 3.267653374546388508e-04 4.001265162290359426e-05
2.541847999999999885e+00 2.817242755520908714e-04 3.186260765476382181e-05
2.717235000000000067e+00 2.411716189184736400e-04 2.539998669235659528e-05
2.904723999999999862e+00 2.032525681712341666e-04 2.025693029553532934e-05
3.105150000000000077e+00 1.604694470052337428e-04 1.596756269279137017e-05
3.109834000000000209e+00 1.591128959813493525e-04 1.587813891340740811e-05
3.157433999999999852e+00 1.384673637092331420e-04 1.500241768819355161e-05
3.170126999999999917e+00 1.199203381451357565e-04 1.477958556823144675e-05
3.189166999999999863e+00 1.341840143824705035e-04 4.745265619762747093e-05
3.236765999999999810e+00 1.425556158374222831e-04 4.593573009179367545e-05
3.263694000000000095e+00 1.422638728253277230e-04 4.511230447461981040e-05
3.313648999999999845e+00 1.360497699575046392e-04 4.364288083276791002e-05
3.319405999999999857e+00 1.339855549590745836e-04 4.348122936072907122e-05
3.326970000000000205e+00 1.282464008995811290e-04 4.326802081946229704e-05
3.346951999999999927e+00 1.356156655869036887e-04 5.754519062036026123e-05
3.396905999999999981e+00 1.409452972629616010e-04 5.524297334565562517e-05
3.532214000000000187e+00 1.392751593324918725e-04 4.912814312901292218e-05
3.548445000000000071e+00 1.384097897509371550e-04 4.837740187495923532e-05
3.586279000000000217e+00 1.350863231098478514e-04 4.664707240489986790e-05
3.600696000000000119e+00 1.312607706807217549e-04 4.600134310699614527e-05
3.622322000000000042e+00 1.340297735127192903e-04 5.169690940341367902e-05
3.676385999999999932e+00 1.351587710861026524e-04 4.910953188397349011e-05
3.793287999999999993e+00 1.323590025056526384e-04 4.390397257574857071e-05
4.055024000000000406e+00 1.217368810513759411e-04 3.427105170131499335e-05
4.334820999999999813e+00 1.095088898640810720e-04 2.674397416846620225e-05
4.633924000000000376e+00 9.752348583550685623e-05 2.097379624211980219e-05
4.953663999999999845e+00 8.636500745720538947e-05 1.648437692482785340e-05
5.295467000000000368e+00 7.620289425052261705e-05 1.298598895884256296e-05
5.660854999999999748e+00 6.707701802330200266e-05 1.024668506915219363e-05
6.051453000000000415e+00 5.894703707658068020e-05 8.090796392671892093e-06
6.469003999999999976e+00 5.183405915020964494e-05 6.379486458717189018e-06
6.915365000000000428e+00 4.548041923417253559e-05 5.007536813389421219e-06
7.392525000000000013e+00 3.985729843084830602e-05 3.928124761326527877e-06
7.902608999999999995e+00 3.487603977044370927e-05 3.081230338087494664e-06
8.447889999999999233e+00 3.050302230522644148e-05 2.419477873036478715e-06
9.030794000000000210e+00 2.668017209828948215e-05 1.897457046355459576e-06
9.653919000000000139e+00 2.331750419389046902e-05 1.477079587262283090e-06
1.032004000000000055e+01 2.036961529405467721e-05 1.150735309903923409e-06
1.103212000000000081e+01 1.778996516302742341e-05 8.969960058007727315e-07
1.179334000000000060e+01 1.553446223358519960e-05 7.000396669125331248e-07
1.260707999999999984e+01 1.356345189395026393e-05 5.470278015589099911e-07
1.347696999999999967e+01 1.184152852569322115e-05 4.277543832596286410e-07
1.440687999999999924e+01 1.033718277532460228e-05 3.341757773665995910e-07
1.540094999999999992e+01 9.022255256997573891e-06 2.607688050059954891e-07
1.646361999999999881e+01 7.872499373675749082e-06 2.030425924572189379e-07
1.759960999999999842e+01 6.866341500711985398e-06 1.581535605674803837e-07
1.881398000000000081e+01 5.985061780148534366e-06 1.233762663769049565e-07
2.011214999999999975e+01 5.211228885782769229e-06 9.639010227284203531e-08
2.149988000000000099e+01 4.527291679716898020e-06 7.542060223352254626e-08
2.298338000000000036e+01 3.907627649523953723e-06 5.910494596116044391e-08
2.386328999999999922e+01 3.550164825476047446e-06 5.155984111361993949e-08
2.422854999999999848e+01 3.340709978675812894e-06 4.879422892574393379e-08
2.432594999999999885e+01 3.190849805898141376e-06 4.809008561782935861e-08
2.447204999999999941e+01 3.276498650704246344e-06 2.868557986565998432e-07
2.456923000000000101e+01 3.297100440932388522e-06 2.826581213040506071e-07
2.483730999999999867e+01 3.289393913577932753e-06 2.714746134870924767e-07
2.626450000000000173e+01 3.039749144592840329e-06 2.215148431262548879e-07
2.807676000000000016e+01 2.701025777043133744e-06 1.742516528177157861e-07
3.001405000000000101e+01 2.383944544427630477e-06 1.366826904343890622e-07
3.208502000000000010e+01 2.097584544291854823e-06 1.070023364929576860e-07
3.429889000000000010e+01 1.842130115264371251e-06 8.359623544561846999e-08
3.666550999999999760e+01 1.615835864913873085e-06 6.533400315208365945e-08
3.919543000000000177e+01 1.416203062082579974e-06 5.108598037331744839e-08
4.189992000000000161e+01 1.240548202760556141e-06 3.996000077751749109e-08
4.479100999999999999e+01 1.086255445587405842e-06 3.127049837876563987e-08
4.788159000000000276e+01 9.508979537887670967e-07 2.448600410609383098e-08
5.118542000000000058e+01 8.328270290487562715e-07 1.909184565541882488e-08
5.471721000000000146e+01 7.287191176148027741e-07 1.487215748367390284e-08
5.849269999999999925e+01 6.375330490768650249e-07 1.159469738442601061e-08
6.252870000000000061e+01 5.577091301721721021e-07 9.047616345920099033e-09
6.684318000000000382e+01 4.878513677890910232e-07 7.067754828593718439e-09
7.145535999999999888e+01 4.267309156980976030e-07 5.526907188161466172e-09
7.638577999999999690e+01 3.732630461855633526e-07 4.327667481917814270e-09
8.165640000000000498e+01 3.264951495362949376e-07 3.387903198677791539e-09
8.729068999999999789e+01 2.855826736784143651e-07 2.649897855148837687e-09
9.331373999999999569e+01 2.497963051797623251e-07 2.077138400974164436e-09
9.975239000000000544e+01 2.184966030120432371e-07 1.631994913180900319e-09
1.066353000000000009e+02 1.911216657166312306e-07 1.285722195145130429e-09
1.139930999999999983e+02 1.671797881894193748e-07 1.015033616841311316e-09
1.218586999999999989e+02 1.462396702957024960e-07 8.041956584632672455e-10
1.302668999999999926e+02 1.279254195111415161e-07 6.396657410455466486e-10
1.392553000000000054e+02 1.119070943693529594e-07 5.110133009969692496e-10
1.488640000000000043e+02 9.789671107089508630e-08 4.102080701206311691e-10
1.591356000000000108e+02 8.564234204814086942e-08 3.309932177900960391e-10
1.701159000000000106e+02 7.492358516222901075e-08 2.685770997808052781e-10
1.818539000000000101e+02 6.554772940460041012e-08 2.192331597139218248e-10
1.944018000000000086e+02 5.734616287842668305e-08 1.800755621973053984e-10
2.078155999999999892e+02 5.017184523826813245e-08 1.488753236979498255e-10
2.221547999999999945e+02 4.389580102290395375e-08 1.238960772607277269e-10
2.374834999999999923e+02 3.840546617126881300e-08 1.038040029398081187e-10
2.538699000000000012e+02 3.360234813237332017e-08 8.755032448357782887e-11
2.713869000000000256e+02 2.940032052963342100e-08 7.432485745508789037e-11
2.901125999999999863e+02 2.572414861725492833e-08 6.349513675059642886e-11
3.101304000000000087e+02 2.250787990086415414e-08 5.457417039274412244e-11
3.315294000000000096e+02 1.969395575149948901e-08 4.717145718593358509e-11
3.544048999999999978e+02 1.723197957321851409e-08 4.098678989241151334e-11
3.788587999999999738e+02 1.507794360118898575e-08 3.578683836546614374e-11
4.050000999999999749e+02 1.319324738233506058e-08 3.138094930160412403e-11
4.329451000000000249e+02 1.154426048466067603e-08 2.762815111429603146e-11
