1.067676000000000069e+00 1.964574888586859873e-04 3.440894569343159104e-05
1.141345000000000054e+00 1.707346733474871111e-04 2.711446122245884740e-05
1.220097999999999905e+00 1.478761021208300401e-04 2.139874377819250600e-05
1.304284999999999917e+00 1.275900005539126183e-04 1.691054257523846020e-05
1.394281000000000104e+00 1.095037571968577981e-04 1.336790065483107780e-05
1.490485999999999978e+00 9.318114390383393209e-05 1.058330690002166710e-05
1.593328999999999995e+00 7.797696659972335798e-05 8.391356013350298340e-06
1.703268999999999922e+00 6.225911778578598174e-05 6.663590483700000230e-06
1.768312000000000106e+00 4.997906115860878005e-05 5.858090410032811112e-06
1.795377999999999918e+00 3.871537764947771394e-05 5.560734291025463457e-06
1.802596000000000087e+00 2.751713622788226079e-05 5.484886013145463269e-06
1.813422000000000089e+00 3.734565430613887423e-05 2.596083278944229090e-05
1.820794999999999941e+00 4.067672564639549215e-05 2.552033006387178891e-05
1.826621999999999968e+00 4.208421425394370748e-05 2.517908502852046992e-05
1.840487999999999902e+00 4.339527212914331652e-05 2.438904582229449913e-05
1.854579999999999895e+00 4.221511520063523336e-05 2.361772475549675111e-05
1.862036000000000024e+00 3.790855625080702949e-05 2.322199159894611884e-05
1.873218999999999967e+00 4.354396264076426106e-05 3.215790040909592663e-05
1.901178000000000035e+00 4.862429777612779189e-05 3.023402208734746297e-05
1.946430000000000105e+00 5.076500977314306887e-05 2.755709791793491340e-05
2.023798000000000208e+00 5.001981736331403879e-05 2.382531995296607150e-05
2.054774000000000100e+00 4.820914818886243167e-05 2.254810123365400248e-05
2.063035000000000174e+00 4.639072407394532766e-05 2.222409014659395136e-05
2.075425000000000075e+00 4.789638781165304052e-05 2.505631014312286570e-05
2.080732999999999944e+00 4.825378319080829534e-05 2.483257441771387673e-05
2.106402000000000108e+00 4.880360942743900804e-05 2.379156412132824302e-05
2.224304000000000059e+00 4.724296962881236069e-05 1.972868020993061921e-05
2.377781000000000144e+00 4.359704113492678010e-05 1.573452601404600279e-05
2.541847999999999885e+00 3.952038336172845803e-05 1.248836602751139895e-05
2.717235000000000067e+00 3.544373942308680516e-05 9.896653852610797509e-06
2.904723999999999862e+00 3.157605998147072199e-05 7.834136019268693663e-06
3.105150000000000077e+00 2.801490196102305441e-05 6.178697260871690538e-06
3.319405999999999857e+00 2.473027880641167896e-05 4.856869399863784391e-06
3.548445000000000071e+00 2.177432988675723585e-05 3.821914163864127359e-06
3.793287999999999993e+00 1.921229858558278080e-05 2.995165629140902527e-06
4.055024000000000406e+00 1.685020028201911500e-05 2.341451444068548248e-06
4.334820999999999813e+00 1.477589670810232982e-05 1.827503477072456349e-06
4.633924000000000376e+00 1.292753473882050802e-05 1.425664423295528921e-06
4.953663999999999845e+00 1.130147845367586093e-05 1.112300034732917960e-06
5.295467000000000368e+00 9.874550854473909954e-06 8.687288831220112799e-07
5.660854999999999748e+00 8.624653687187085028e-06 6.792021939088631840e-07
6.051453000000000415e+00 7.531134481827026686e-06 5.316041973497694443e-07
6.469003999999999976e+00 6.575197422090914932e-06 4.163290886125450017e-07
6.915365000000000428e+00 5.739947778676671941e-06 3.264196240883954517e-07
7.392525000000000013e+00 5.010484961527053235e-06 2.561966755490253027e-07
7.902608999999999995e+00 4.373639817678021768e-06 2.012150523318118384e-07
8.447889999999999233e+00 3.817453754859920593e-06 1.575741976187840695e-07
9.030794000000000210e+00 3.332012245270618431e-06 1.231072901002284143e-07
9.653919000000000139e+00 2.906668765429826168e-06 9.503238774769015827e-08
1.032004000000000055e+01 2.534297274659520274e-06 7.346537670016925675e-08
1.103212000000000081e+01 2.208336234419444823e-06 5.687748219671300780e-08
1.179334000000000060e+01 1.922636872859503335e-06 4.410248634094775109e-08
1.260707999999999984e+01 1.671375220052764964e-06 3.424917731954420308e-08
1.347696999999999967e+01 1.448378615258031020e-06 2.664044211772212224e-08
1.440687999999999924e+01 1.243286084967306908e-06 2.075570230509837082e-08
1.489570999999999934e+01 1.133333649136248849e-06 1.833226042754663833e-08
1.512369999999999948e+01 1.055102810610273151e-06 1.732730883378160234e-08
1.518449999999999989e+01 9.936234575810884971e-07 1.707078628560645268e-08
1.527570000000000050e+01 1.035351545816604939e-06 1.200555655145791165e-07
1.540094999999999992e+01 1.051860171488859224e-06 1.162231833849411340e-07
1.550369000000000064e+01 1.052130249471328084e-06 1.131911219417853348e-07
1.646361999999999881e+01 9.761851326102431183e-07 8.986085300414008122e-08
1.759960999999999842e+01 8.701896148862765807e-07 7.056399802068037736e-08
1.881398000000000081e+01 7.696083634399635886e-07 5.568159195184529440e-08
2.011214999999999975e+01 6.783427974047630116e-07 4.391144634821458799e-08
2.149988000000000099e+01 5.965272767075553940e-07 3.442991050910135994e-08
2.298338000000000036e+01 5.237546890323831588e-07 2.696405348878484169e-08
2.456923000000000101e+01 4.593731785864953575e-07 2.110479308589923535e-08
2.626450000000000173e+01 4.026166733020749674e-07 1.651975623375093444e-08
2.807676000000000016e+01 3.526909467709561082e-07 1.289304846539542577e-08
3.001405000000000101e+01 3.088074634343417457e-07 1.005499099424247071e-08
3.208502000000000010e+01 2.705487818675504369e-07 7.806123446273813752e-09
3.429889000000000010e+01 2.367291748942688489e-07 6.056870691291903466e-09
3.666550999999999760e+01 2.070973683036358242e-07 4.702089138851180275e-09
3.919543000000000177e+01 1.811518131474821637e-07 3.652415773397121654e-09
4.189992000000000161e+01 1.584439818040518979e-07 2.838857859239896122e-09
4.479100999999999999e+01 1.385759868448281321e-07 2.207876284695987059e-09
4.788159000000000276e+01 1.211963460753068471e-07 1.717897367849836747e-09
5.118542000000000058e+01 1.059949363778624400e-07 1.338050783514103648e-09
5.471721000000000146e+01 9.270093814131694287e-08 1.043452670008914994e-09
5.849269999999999925e+01 8.107533024226033896e-08 8.148263597999606227e-10
6.252870000000000061e+01 7.090918649085727668e-08 6.373047042715160264e-10
6.684318000000000382e+01 6.201977818237642166e-08 4.988653186551460739e-10
7.145535999999999888e+01 5.424548913818001250e-08 3.899419798825833976e-10
7.638577999999999690e+01 4.744660316456607786e-08 3.055866479443887043e-10
8.165640000000000498e+01 4.150185793073149620e-08 2.399183700663921652e-10
8.729068999999999789e+01 3.630204357379202348e-08 1.886057492230439567e-10
9.331373999999999569e+01 3.175440202400968168e-08 1.488349038381085582e-10
9.975239000000000544e+01 2.777711727496163380e-08 1.179415526371023656e-10
1.066353000000000009e+02 2.429864748577258929e-08 9.389612335081406839e-11
1.139930999999999983e+02 2.125636066724108618e-08 7.513792783496045037e-11
1.218586999999999989e+02 1.859539449102223536e-08 6.046535034028723074e-11
1.302668999999999926e+02 1.626800997715382440e-08 4.895311972692883652e-11
1.392553000000000054e+02 1.423217894713456657e-08 3.988970559825298360e-11
1.488640000000000043e+02 1.245140284654248959e-08 3.272445081746786544e-11
1.591356000000000108e+02 1.089366288282818697e-08 2.703513532229596917e-11
1.701159000000000106e+02 9.530988892857357497e-09 2.249571023408980152e-11
1.818539000000000101e+02 8.338921442135803699e-09 1.885437932261311410e-11
1.944018000000000086e+02 7.296049125342405602e-09 1.591518037432106148e-11
2.078155999999999892e+02 6.383679368555671006e-09 1.352923897941455471e-11
2.221547999999999945e+02 5.585499583070276044e-09 1.157755882971531312e-11
2.374834999999999923e+02 4.887168332616997206e-09 9.971027228219018376e-12
2.538699000000000012e+02 4.276191980463753874e-09 8.637967303726086620e-12
2.713869000000000256e+02 3.741639862705058977e-09 7.525127014507222982e-12
2.901125999999999863e+02 3.273936128342323740e-09 6.587689432998008378e-12
3.101304000000000087e+02 2.864717908921290311e-09 5.792553686932516637e-12
3.315294000000000096e+02 2.506669749257958929e-09 5.113652049974634169e-12
3.544048999999999978e+02 2.193390563665853569e-09 4.529819655411258430e-12
3.788587999999999738e+02 1.919274900000182850e-09 4.024388157635918424e-12
4.050000999999999749e+02 1.679424802837772397e-09 3.584812973408028358e-12
4.329451000000000249e+02 1.469552885766632735e-09 3.199985647977547737e-12
