1.067676000000000069e+00 1.702996155840215756e-03 5.855689938732581762e-04
1.141345000000000054e+00 1.504900303369400552e-03 4.690630056534387409e-04
1.220097999999999905e+00 1.326268531510087266e-03 3.753530585993739791e-04
1.304284999999999917e+00 1.165762229109355494e-03 2.978505691092372238e-04
1.394281000000000104e+00 1.021548968952315029e-03 2.362537112541182539e-04
1.490485999999999978e+00 8.934216629393147008e-04 1.877096242644958244e-04
1.593328999999999995e+00 7.801042773656400014e-04 1.493814587343123620e-04
1.703268999999999922e+00 6.801770304173620054e-04 1.190937216621578272e-04
1.820794999999999941e+00 5.923050353654130736e-04 9.511290198605718124e-05
1.946430000000000105e+00 5.151241348861830029e-04 7.609692855924830239e-05
2.080732999999999944e+00 4.472596341143366501e-04 6.072836368803992142e-05
2.224304000000000059e+00 3.872458973669394740e-04 4.829938754431608910e-05
2.377781000000000144e+00 3.339227524252363802e-04 3.846599638445501027e-05
2.541847999999999885e+00 2.860221778521193506e-04 3.067094464338882367e-05
2.717235000000000067e+00 2.415650724692335581e-04 2.446272760242894042e-05
2.904723999999999862e+00 1.942702632876249056e-04 1.953684191256697958e-05
2.943724000000000007e+00 1.814727021059787569e-04 1.868113304725722853e-05
2.988780999999999910e+00 1.560705422912429048e-04 1.775345836347190767e-05
3.000795999999999797e+00 1.324466158218863088e-04 1.751467442123265503e-05
3.018819000000000141e+00 1.517890034343002818e-04 5.971149925949406238e-05
3.063876000000000044e+00 1.637477424808124850e-04 5.679528081311610154e-05
3.083178000000000196e+00 1.639223911996690335e-04 5.560575117309782495e-05
3.105150000000000077e+00 1.623393229528162691e-04 5.428564034560276144e-05
3.130370000000000097e+00 1.568942291194507942e-04 5.282349747975542112e-05
3.142954000000000025e+00 1.469851825478129149e-04 5.211334370938345146e-05
3.161830999999999836e+00 1.567363699448679642e-04 7.031268419383495674e-05
3.209022000000000041e+00 1.639776819048145348e-04 6.679477122564601984e-05
3.319405999999999857e+00 1.632060356124096368e-04 5.932092578621770779e-05
3.343662000000000134e+00 1.618521245698427576e-04 5.779202425366067612e-05
3.394840999999999998e+00 1.566578725867468511e-04 5.470627175147999634e-05
3.408488000000000184e+00 1.520439554859299677e-04 5.391606960667502809e-05
3.428960000000000008e+00 1.553017388051129493e-04 6.071078242183957773e-05
3.480138000000000176e+00 1.565350562215014039e-04 5.761905357419825805e-05
3.548445000000000071e+00 1.547449161806955533e-04 5.378394997607689808e-05
3.793287999999999993e+00 1.430461216913882206e-04 4.241063085053329283e-05
4.055024000000000406e+00 1.292238931673466210e-04 3.340169163082739895e-05
4.334820999999999813e+00 1.154521194520441001e-04 2.628827661974819473e-05
4.633924000000000376e+00 1.024772941453420776e-04 2.068352708294362438e-05
4.953663999999999845e+00 9.055787700862274071e-05 1.627513101774625593e-05
5.295467000000000368e+00 7.978687889487645797e-05 1.281370789369327822e-05
5.660854999999999748e+00 7.015076631599573721e-05 1.009383239970096564e-05
6.051453000000000415e+00 6.170389623269443788e-05 7.949697463253102865e-06
6.469003999999999976e+00 5.415217310361811556e-05 6.236386973363902492e-06
6.915365000000000428e+00 4.746241920356530735e-05 4.889606428634987328e-06
7.392525000000000013e+00 4.153265476463674375e-05 3.831652952058443259e-06
7.902608999999999995e+00 3.632256602773989922e-05 3.005950730914908974e-06
8.447889999999999233e+00 3.175502499545703545e-05 2.360882701724578194e-06
9.030794000000000210e+00 2.776177249751078752e-05 1.851780087239791931e-06
9.653919000000000139e+00 2.425980186572310578e-05 1.441558390310610299e-06
1.032004000000000055e+01 2.118957346290147010e-05 1.122636038908953306e-06
1.103212000000000081e+01 1.850361118053472223e-05 8.753820153080124119e-07
1.179334000000000060e+01 1.615583251790539995e-05 6.834530336285689486e-07
1.260707999999999984e+01 1.410456125423940780e-05 5.339913989257724102e-07
1.347696999999999967e+01 1.231253432012137161e-05 4.170302746540005549e-07
1.440687999999999924e+01 1.074627231869999278e-05 3.251901003463537915e-07
1.540094999999999992e+01 9.376976464978053200e-06 2.531756766608237447e-07
1.646361999999999881e+01 8.178921988120307779e-06 1.970307647739182843e-07
1.759960999999999842e+01 7.129953914672180604e-06 1.535629888040476857e-07
1.881398000000000081e+01 6.209701685631840941e-06 1.198578400814298455e-07
2.011214999999999975e+01 5.398344143722960605e-06 9.369326156998376752e-08
2.149988000000000099e+01 4.671245401279638719e-06 7.335703702472529034e-08
2.275550000000000139e+01 4.059566880650708695e-06 5.964010118557048522e-08
2.298338000000000036e+01 3.920451799791175516e-06 5.751980973832177110e-08
2.310379999999999967e+01 3.816497887403931663e-06 5.644096473308145669e-08
2.319668000000000063e+01 3.640838883666885617e-06 5.562379296378248502e-08
2.333599999999999852e+01 3.743389264681504116e-06 3.370863405971138852e-07
2.368430000000000035e+01 3.762165563453138774e-06 3.187757604874095698e-07
2.456923000000000101e+01 3.589571813945043593e-06 2.779461717726834700e-07
2.626450000000000173e+01 3.202509221877674504e-06 2.189674998900329866e-07
2.807676000000000016e+01 2.831372966267261434e-06 1.721136691567403687e-07
3.001405000000000101e+01 2.493545563349803573e-06 1.349733107497051160e-07
3.208502000000000010e+01 2.191247602369134808e-06 1.054556070397932954e-07
3.429889000000000010e+01 1.922818360415891207e-06 8.239536703616604251e-08
3.666550999999999760e+01 1.685706591440135148e-06 6.440731390244952144e-08
3.919543000000000177e+01 1.476893577505601262e-06 5.036613877254677584e-08
4.189992000000000161e+01 1.293371340806923168e-06 3.940048590939584843e-08
4.479100999999999999e+01 1.132301980219741658e-06 3.084338036458925408e-08
4.788159000000000276e+01 9.918128513991279639e-07 2.407857247019495319e-08
5.118542000000000058e+01 8.678805821245316906e-07 1.874173878238157188e-08
5.471721000000000146e+01 7.593056561677949565e-07 1.459906026758238641e-08
5.849269999999999925e+01 6.642419493462565339e-07 1.138177153984924294e-08
6.252870000000000061e+01 5.810415557172731077e-07 8.882031495938054998e-09
6.684318000000000382e+01 5.082423452625027498e-07 6.938564653342743881e-09
7.145535999999999888e+01 4.445552983662016138e-07 5.426599563044477909e-09
7.638577999999999690e+01 3.888478472977835545e-07 4.248417041487670419e-09
8.165640000000000498e+01 3.401240549506123641e-07 3.326875825276006498e-09
8.729068999999999789e+01 2.975008634433068336e-07 2.603384306315557772e-09
9.331373999999999569e+01 2.602201966717385323e-07 2.041832647252545431e-09
9.975239000000000544e+01 2.276147065100031789e-07 1.605508729167313363e-09
1.066353000000000009e+02 1.990981840407736841e-07 1.264655724237275096e-09
1.139930999999999983e+02 1.741574771480268944e-07 9.994292324725919644e-10
1.218586999999999989e+02 1.523441148763687099e-07 7.927425807089733079e-10
1.302668999999999926e+02 1.332660952176991117e-07 6.314148097447490379e-10
1.392553000000000054e+02 1.165799746791415813e-07 5.052306433928505225e-10
1.488640000000000043e+02 1.019852169823575108e-07 4.062928004558924400e-10
1.591356000000000108e+02 8.921967885834630058e-08 3.285096117435427264e-10
1.701159000000000106e+02 7.805376931026470218e-08 2.671650214520287769e-10
1.818539000000000101e+02 6.828659230958239972e-08 2.186190015020514586e-10
1.944018000000000086e+02 5.974295594460558733e-08 1.800451158613172115e-10
2.078155999999999892e+02 5.226901227832974599e-08 1.492635814232558368e-10
2.221547999999999945e+02 4.573104750718996764e-08 1.245772158859763772e-10
2.374834999999999923e+02 4.001136848659759628e-08 1.046830580455049391e-10
2.538699000000000012e+02 3.500759960078309151e-08 8.855023171839919343e-11
2.713869000000000256e+02 3.063001713571045987e-08 7.539486989251041690e-11
2.901125999999999863e+02 2.680018776027404434e-08 6.459019606483621626e-11
3.101304000000000087e+02 2.344952973070314655e-08 5.566371762802377940e-11
3.315294000000000096e+02 2.051796900315724471e-08 4.823356544797639252e-11
3.544048999999999978e+02 1.795306198246497731e-08 4.201091051151857833e-11
3.788587999999999738e+02 1.570892847143221304e-08 3.675903329871120597e-11
4.050000999999999749e+02 1.374542807721454817e-08 3.229730873494791064e-11
4.329451000000000249e+02 1.202746047856551560e-08 2.848183750089148654e-11
