1.067676000000000069e+00 1.702963246384683535e-03 5.416349773924125947e-04
1.141345000000000054e+00 1.502069577330884679e-03 4.326420719741454570e-04
1.220097999999999905e+00 1.320126231888274016e-03 3.427380961512290522e-04
1.304284999999999917e+00 1.156798448935493495e-03 2.719594990889624892e-04
1.394281000000000104e+00 1.011677560636118148e-03 2.161612125978560467e-04
1.490485999999999978e+00 8.833858926990084508e-04 1.720849544460682421e-04
1.593328999999999995e+00 7.702892277258070264e-04 1.372320638961546061e-04
1.703268999999999922e+00 6.708368578498949191e-04 1.096263207187726763e-04
1.820794999999999941e+00 5.835177774974912787e-04 8.773600340866006099e-05
1.946430000000000105e+00 5.066958972310603221e-04 6.995104948159387953e-05
2.080732999999999944e+00 4.387501734543806453e-04 5.562882880702681035e-05
2.224304000000000059e+00 3.784229392194013116e-04 4.430242083556453376e-05
2.377781000000000144e+00 3.243232818773353343e-04 3.532022969218411696e-05
2.541847999999999885e+00 2.743779797703561744e-04 2.816657472881133013e-05
2.717235000000000067e+00 2.229744728549139666e-04 2.249085728139613321e-05
2.781142000000000003e+00 1.992856151161844153e-04 2.080076517051764263e-05
2.823710000000000164e+00 1.700081345659355727e-04 1.976781576506359543e-05
2.835062000000000193e+00 1.425329085893229839e-04 1.950381682017799631e-05
2.852088999999999874e+00 1.653106113254432035e-04 6.877024393294406889e-05
2.894658000000000175e+00 1.795229465837341323e-04 6.533516734278368369e-05
2.904723999999999862e+00 1.798590191882955519e-04 6.455655775674534074e-05
2.907561999999999980e+00 1.798475751937384925e-04 6.433773365629675623e-05
2.952065999999999857e+00 1.722675358612383938e-04 6.104927060141739038e-05
2.963932999999999929e+00 1.606341467916333129e-04 6.020997104479364523e-05
2.981735000000000024e+00 1.717898242540789086e-04 8.218920665244393157e-05
3.026238000000000206e+00 1.824194739765155773e-04 7.900611070925878598e-05
3.105150000000000077e+00 1.849923882856424964e-04 7.051967690424636647e-05
3.159520000000000106e+00 1.820584576783266313e-04 6.526807309877468604e-05
3.207879999999999843e+00 1.759809908867334294e-04 6.101305395963520174e-05
3.220775999999999861e+00 1.706362140927716116e-04 5.994380778409625737e-05
3.240120000000000111e+00 1.742463435636934705e-04 6.749142482772182386e-05
3.288479999999999848e+00 1.752883478887755191e-04 6.352395291157207277e-05
3.319405999999999857e+00 1.742715327802533314e-04 6.120213907753539165e-05
3.548445000000000071e+00 1.602725902763909032e-04 4.819748593480733905e-05
3.793287999999999993e+00 1.447242105587496813e-04 3.930867360512933442e-05
4.055024000000000406e+00 1.302375943353526952e-04 3.126388674250468952e-05
4.334820999999999813e+00 1.159416822224858268e-04 2.459944783777487940e-05
4.633924000000000376e+00 1.026293155912386443e-04 1.935260913666445257e-05
4.953663999999999845e+00 9.052100897042978246e-05 1.523403675323494490e-05
5.295467000000000368e+00 7.964829824537771540e-05 1.199958494638926213e-05
5.660854999999999748e+00 6.996552197351729101e-05 9.455329962348720896e-06
6.051453000000000415e+00 6.155492650559922486e-05 7.417154736776079566e-06
6.469003999999999976e+00 5.396862471253399766e-05 5.812981174723122801e-06
6.915365000000000428e+00 4.723611727103377842e-05 4.551073422712692543e-06
7.392525000000000013e+00 4.131474644543233832e-05 3.566978385732283012e-06
7.902608999999999995e+00 3.611981549384669704e-05 2.798798721882732965e-06
8.447889999999999233e+00 3.157006021424486306e-05 2.198552992968268512e-06
9.030794000000000210e+00 2.759581303554434157e-05 1.723926183134716279e-06
9.653919000000000139e+00 2.410821790557612460e-05 1.341488922603847072e-06
1.032004000000000055e+01 2.105414993112841412e-05 1.045137586052817724e-06
1.103212000000000081e+01 1.838347861574333100e-05 8.152718509309986960e-07
1.179334000000000060e+01 1.604950073111164957e-05 6.364318303700690219e-07
1.260707999999999984e+01 1.401040077018292754e-05 4.968425665644344712e-07
1.347696999999999967e+01 1.222821685530584150e-05 3.871489498024253021e-07
1.440687999999999924e+01 1.067025854539822492e-05 3.013509285231428608e-07
1.540094999999999992e+01 9.307349676970366888e-06 2.343176862372258640e-07
1.646361999999999881e+01 8.114331426781286923e-06 1.824540728569258920e-07
1.759960999999999842e+01 7.068395801277270590e-06 1.422786519291251348e-07
1.881398000000000081e+01 6.147808212109603063e-06 1.111175957838047992e-07
2.011214999999999975e+01 5.328034669164815606e-06 8.691739411531241504e-08
2.149988000000000099e+01 4.550531925175381103e-06 6.808918055023797548e-08
2.167485999999999891e+01 4.444640122216389217e-06 6.610465299808449511e-08
2.200660999999999845e+01 4.174411836931744241e-06 6.254875519299591220e-08
2.209507999999999939e+01 3.977210765551104827e-06 6.164440128610647905e-08
2.222778999999999883e+01 4.094576414264228470e-06 3.793691705053786562e-07
2.255953999999999837e+01 4.119627062489901444e-06 3.586856769776145400e-07
2.298338000000000036e+01 4.038233724373203225e-06 3.342989331193321355e-07
2.456923000000000101e+01 3.625972593879735293e-06 2.623925884599237763e-07
2.626450000000000173e+01 3.211541051899911544e-06 2.069119334707094589e-07
2.807676000000000016e+01 2.831854528032647353e-06 1.624192741802933796e-07
3.001405000000000101e+01 2.490254644226726063e-06 1.269816310133008028e-07
3.208502000000000010e+01 2.186148280482592713e-06 9.919711404039902606e-08
3.429889000000000010e+01 1.917117968987845178e-06 7.752254194174352730e-08
3.666550999999999760e+01 1.679978295298884835e-06 6.060371922547072515e-08
3.919543000000000177e+01 1.471428692327475333e-06 4.739846328821262575e-08
4.189992000000000161e+01 1.288310804794682107e-06 3.708899852866958700e-08
4.479100999999999999e+01 1.128581613639633105e-06 2.899819010082095562e-08
4.788159000000000276e+01 9.876297807591929898e-07 2.255628891421030587e-08
5.118542000000000058e+01 8.641047659968850817e-07 1.755692446435002147e-08
5.471721000000000146e+01 7.559357440232797456e-07 1.367667516583694242e-08
5.849269999999999925e+01 6.612520305022001968e-07 1.066377774915013134e-08
6.252870000000000061e+01 5.784016213434487735e-07 8.322584330350301553e-09
6.684318000000000382e+01 5.059169513384825953e-07 6.502420023346991605e-09
7.145535999999999888e+01 4.425108899236014488e-07 5.084577625887106850e-09
7.638577999999999690e+01 3.870539900040344540e-07 3.980727015103561983e-09
8.165640000000000498e+01 3.385577542535568123e-07 3.118299439421275350e-09
8.729068999999999789e+01 2.961284928185387336e-07 2.441233861374782539e-09
9.331373999999999569e+01 2.590195238894863605e-07 1.915604062543532587e-09
9.975239000000000544e+01 2.265648269427849083e-07 1.506085023461998254e-09
1.066353000000000009e+02 1.981802238766129327e-07 1.187150493271217348e-09
1.139930999999999983e+02 1.733553088859042803e-07 9.390856058319584860e-10
1.218586999999999989e+02 1.516431963929400662e-07 7.457891340677446397e-10
1.302668999999999926e+02 1.326537004536903695e-07 5.948892436928548137e-10
1.392553000000000054e+02 1.160449765768536538e-07 4.768130133577712605e-10
1.488640000000000043e+02 1.015181068944701377e-07 3.842003158510676592e-10
1.591356000000000108e+02 8.881167834518498230e-08 3.113285652046788806e-10
1.701159000000000106e+02 7.769743094631020710e-08 2.538136080305057382e-10
1.818539000000000101e+02 6.797540063455778308e-08 2.082435200941469177e-10
1.944018000000000086e+02 5.947108127726228535e-08 1.719832062446347236e-10
2.078155999999999892e+02 5.203150276208272825e-08 1.430005678031041976e-10
2.221547999999999945e+02 4.552347295149838254e-08 1.197160423952259702e-10
2.374834999999999923e+02 3.983005649453037718e-08 1.008987118769962411e-10
2.538699000000000012e+02 3.484915873541454600e-08 8.561302631989673856e-11
2.713869000000000256e+02 3.049156999056618502e-08 7.311195419832033594e-11
2.901125999999999863e+02 2.667921808023578840e-08 6.281337480612632954e-11
3.101304000000000087e+02 2.334373109903288931e-08 5.427794807788288384e-11
3.315294000000000096e+02 2.042548849119076252e-08 4.715144946970249372e-11
3.544048999999999978e+02 1.787222606051147994e-08 4.116101873636779686e-11
3.788587999999999738e+02 1.563827354482701873e-08 3.608680902175218239e-11
4.050000999999999749e+02 1.368364313407996270e-08 3.176521790490476686e-11
4.329451000000000249e+02 1.197343394003608933e-08 2.805479376515177666e-11
