1.067676000000000069e+00 3.479938196018792580e-04 3.540765293943226664e-05
1.141345000000000054e+00 3.030892463298549898e-04 2.748084248805804413e-05
1.220097999999999905e+00 2.638197358656928595e-04 2.135326841643130067e-05
1.304284999999999917e+00 2.295250603092495738e-04 1.661027170844561757e-05
1.394281000000000104e+00 1.995924026357623056e-04 1.293434150494128969e-05
1.490485999999999978e+00 1.734609856931448998e-04 1.008422450323406781e-05
1.593328999999999995e+00 1.506324518679186969e-04 7.871262211044529960e-06
1.703268999999999922e+00 1.306602772748298045e-04 6.151389018591217839e-06
1.820794999999999941e+00 1.131375212930552017e-04 4.812892620078136276e-06
1.946430000000000105e+00 9.768101728169486251e-05 3.770282045432837346e-06
2.080732999999999944e+00 8.388589211991139222e-05 2.957059991874477507e-06
2.224304000000000059e+00 7.118283709310445221e-05 2.322178449597454733e-06
2.377781000000000144e+00 5.785881558521907152e-05 1.825816047330648662e-06
2.422559999999999825e+00 5.268706938333497309e-05 1.707436754146502050e-06
2.459639999999999826e+00 4.441284179282006193e-05 1.616873928664754428e-06
2.469527999999999945e+00 3.607871022892232749e-05 1.593779774825011780e-06
2.484360000000000124e+00 4.360263051965155233e-05 1.709760419273845895e-05
2.521440000000000126e+00 4.934084901425392567e-05 1.628348206776395881e-05
2.541847999999999885e+00 5.032891099271229315e-05 1.585696991414855083e-05
2.717235000000000067e+00 4.993633195657480866e-05 1.259021656318391141e-05
2.904723999999999862e+00 4.595843525822884890e-05 9.903290622712283326e-06
3.105150000000000077e+00 4.141406138308339021e-05 7.791020319199695791e-06
3.319405999999999857e+00 3.695316814298286437e-05 6.117041844072297445e-06
3.548445000000000071e+00 3.276452364782169162e-05 4.790473569902587579e-06
3.793287999999999993e+00 2.893376348181930940e-05 3.752049012859298990e-06
4.055024000000000406e+00 2.548186898737035179e-05 2.939205562642929150e-06
4.334820999999999813e+00 2.239924939066275034e-05 2.302607239185017288e-06
4.633924000000000376e+00 1.966297602936054615e-05 1.803097324738077167e-06
4.953663999999999845e+00 1.729129838759043122e-05 1.411816089053334276e-06
5.295467000000000368e+00 1.515027390423385713e-05 1.095356903634099212e-06
5.660854999999999748e+00 1.326244997953006008e-05 8.499812979958225810e-07
6.051453000000000415e+00 1.160343168930448697e-05 6.596638261519499560e-07
6.469003999999999976e+00 1.014809962823295715e-05 5.120309940815987260e-07
6.915365000000000428e+00 8.873078748525940756e-06 3.975151050326779555e-07
7.392525000000000013e+00 7.756968368959833216e-06 3.086485030572453687e-07
7.902608999999999995e+00 6.780620708209264656e-06 2.397055787527582534e-07
8.447889999999999233e+00 5.927009443928747715e-06 1.861877098676965303e-07
9.030794000000000210e+00 5.181426096784182112e-06 1.444337027702252825e-07
9.653919000000000139e+00 4.528738571895232289e-06 1.114782060597347952e-07
1.032004000000000055e+01 3.958262103949364832e-06 8.607017326628264231e-08
1.103212000000000081e+01 3.459751056131840903e-06 6.629126794577914519e-08
1.179334000000000060e+01 3.023997310986213546e-06 5.090062534867784030e-08
1.260707999999999984e+01 2.643173633203487721e-06 3.910045056300082076e-08
1.347696999999999967e+01 2.310390354557215428e-06 3.004934671888147243e-08
1.440687999999999924e+01 2.019628412583435708e-06 2.310910251500449044e-08
1.540094999999999992e+01 1.765566838009566249e-06 1.778139475037750023e-08
1.646361999999999881e+01 1.543557472749452026e-06 1.369239162457212491e-08
1.759960999999999842e+01 1.349555925765967934e-06 1.055386332803543647e-08
1.881398000000000081e+01 1.180017409034846167e-06 8.142499423120592893e-09
2.011214999999999975e+01 1.031839707339519978e-06 6.289063522873155774e-09
2.149988000000000099e+01 9.023201576768183774e-07 4.863999333091078688e-09
2.298338000000000036e+01 7.891057564401943542e-07 3.767635353907995567e-09
2.456923000000000101e+01 6.901354238647616955e-07 2.923454163586031642e-09
2.626450000000000173e+01 6.036080333018695737e-07 2.273078692598357451e-09
2.807676000000000016e+01 5.279547288663849611e-07 1.761950874434671031e-09
3.001405000000000101e+01 4.617982261706148186e-07 1.367361738834967824e-09
3.208502000000000010e+01 4.039464356186710110e-07 1.064833118369452451e-09
3.429889000000000010e+01 3.533551194007464395e-07 8.323670614930689928e-10
3.666550999999999760e+01 3.091097067355724496e-07 6.536213658716059437e-10
3.919543000000000177e+01 2.704111552173368007e-07 5.157781981763997893e-10
4.189992000000000161e+01 2.365661797698329513e-07 4.093058995616471549e-10
4.479100999999999999e+01 2.069612324260340580e-07 3.268135000737133323e-10
4.788159000000000276e+01 1.810667781052036408e-07 2.627106257771653522e-10
5.118542000000000058e+01 1.584151289269382972e-07 2.127150724498500417e-10
5.471721000000000146e+01 1.385998365153410896e-07 1.733947716211659072e-10
5.849269999999999925e+01 1.212653705915970725e-07 1.424001423623866230e-10
6.252870000000000061e+01 1.061008801024357505e-07 1.179599908420345595e-10
6.684318000000000382e+01 9.283391023308467396e-08 9.857022943561144227e-11
7.145535999999999888e+01 8.122686768052874000e-08 8.308927318933575617e-11
7.638577999999999690e+01 7.107238732632014805e-08 7.063502382587613961e-11
8.165640000000000498e+01 6.218774348830544957e-08 6.053463836138988333e-11
8.729068999999999789e+01 5.441409751140107973e-08 5.228027040567942892e-11
9.331373999999999569e+01 4.761277999645263952e-08 4.547368053029817913e-11
9.975239000000000544e+01 4.166208343675155145e-08 3.981458450932403433e-11
1.066353000000000009e+02 3.645511597943463738e-08 3.506853211657890053e-11
1.139930999999999983e+02 3.189913655195621893e-08 3.105145153842971891e-11
1.218586999999999989e+02 2.791283716281861950e-08 2.762218442483572455e-11
1.302668999999999926e+02 2.442473797146829193e-08 2.467138152442103406e-11
1.392553000000000054e+02 2.137264746925662221e-08 2.211111582938632110e-11
1.488640000000000043e+02 1.870203442779872337e-08 1.987665212759548490e-11
1.591356000000000108e+02 1.636514888345385735e-08 1.791045360594304667e-11
1.701159000000000106e+02 1.432036156327615830e-08 1.617326756626540977e-11
1.818539000000000101e+02 1.253105695009089951e-08 1.462803331134972672e-11
1.944018000000000086e+02 1.096539389921516350e-08 1.325042407032803657e-11
2.078155999999999892e+02 9.595339998879018147e-09 1.201439244377441885e-11
2.221547999999999945e+02 8.396477226426452996e-09 1.090493310492097848e-11
2.374834999999999923e+02 7.347442688548494276e-09 9.903594047705919308e-12
2.538699000000000012e+02 6.429470928180323353e-09 9.000078412652528438e-12
2.713869000000000256e+02 5.626191007872855153e-09 8.181393747560034774e-12
2.901125999999999863e+02 4.923269638510462523e-09 7.439740354885319977e-12
3.101304000000000087e+02 4.308195588446671517e-09 6.766741813190959697e-12
3.315294000000000096e+02 3.769964674765856517e-09 6.154388987936121500e-12
3.544048999999999978e+02 3.298976533516276300e-09 5.599019732916880968e-12
3.788587999999999738e+02 2.886829861705850162e-09 5.093141631029182538e-12
4.050000999999999749e+02 2.526172322795967012e-09 4.633138708744961760e-12
4.329451000000000249e+02 2.210573002955280865e-09 4.214444996039694721e-12
