1.067676000000000069e+00 8.382337766011730947e-04 4.431630962724442254e-04
1.141345000000000054e+00 7.556111358432684912e-04 3.560822454502577989e-04
1.220097999999999905e+00 6.757290008385954906e-04 2.860794901283941522e-04
1.304284999999999917e+00 6.013146901360675797e-04 2.298100942056162323e-04
1.394281000000000104e+00 5.329108980410270048e-04 1.840019068227856337e-04
1.490485999999999978e+00 4.705204657771118546e-04 1.471183739632557442e-04
1.593328999999999995e+00 4.143923618317498100e-04 1.176602534469453918e-04
1.703268999999999922e+00 3.641493528244915462e-04 9.407791832424984178e-05
1.820794999999999941e+00 3.194053848891376872e-04 7.525771338225734801e-05
1.946430000000000105e+00 2.797886284828556545e-04 6.019468079887204992e-05
2.080732999999999944e+00 2.448236839946349897e-04 4.816499401653271507e-05
2.224304000000000059e+00 2.139942601902131635e-04 3.834859606067411161e-05
2.377781000000000144e+00 1.867611543432060994e-04 3.048997528895838096e-05
2.541847999999999885e+00 1.627690561448182592e-04 2.428392088638743740e-05
2.717235000000000067e+00 1.416686242409473037e-04 1.937371272195837838e-05
2.904723999999999862e+00 1.231365695014781836e-04 1.548210478045176962e-05
3.105150000000000077e+00 1.068865738259095789e-04 1.225005828299832225e-05
3.319405999999999857e+00 9.238915036866482519e-05 9.568227541650369675e-06
3.548445000000000071e+00 7.930515953456460934e-05 7.473837862883824499e-06
3.793287999999999993e+00 6.713282992898878020e-05 5.848727861085391680e-06
4.049555999999999933e+00 5.383952298182089895e-05 4.602209010883130133e-06
4.055024000000000406e+00 5.345493736803346081e-05 4.579397572021204436e-06
4.111538999999999611e+00 4.757360066719604967e-05 4.353962783103839823e-06
4.128067999999999849e+00 4.188476033706401498e-05 4.290792393778282990e-06
4.152860999999999692e+00 4.653539763793424497e-05 1.435989722364530880e-05
4.214844000000000257e+00 4.934862044150866486e-05 1.347773319965895562e-05
4.292792000000000385e+00 4.880524866009203330e-05 1.246240075409438772e-05
4.334820999999999813e+00 4.763092375684060921e-05 1.195459612858866609e-05
4.358497999999999983e+00 4.638269287030478147e-05 1.170017227427750178e-05
4.376019999999999577e+00 4.390640624808928922e-05 1.151770237994810612e-05
4.402301999999999715e+00 4.597375264399792215e-05 1.573352140538919453e-05
4.468008000000000202e+00 4.715576640716580400e-05 1.482544165775077294e-05
4.604333999999999705e+00 4.608431842270095484e-05 1.316634557589526415e-05
4.633924000000000376e+00 4.558881459421530122e-05 1.285062868621479604e-05
4.674807999999999630e+00 4.457900228608159684e-05 1.243307459405577836e-05
4.693602000000000274e+00 4.341543044994797393e-05 1.224784398334299229e-05
4.721790999999999627e+00 4.407305526348735897e-05 1.385636891447176824e-05
4.792265999999999693e+00 4.409814397420284336e-05 1.314414457126546952e-05
4.953663999999999845e+00 4.265783734044700852e-05 1.170119709465182629e-05
5.295467000000000368e+00 3.877899543444166946e-05 9.300853345476970842e-06
5.660854999999999748e+00 3.477266124691002954e-05 7.374453567014990886e-06
6.051453000000000415e+00 3.093553814654964877e-05 5.819226447803544607e-06
6.469003999999999976e+00 2.737868068217297443e-05 4.580789355185338295e-06
6.915365000000000428e+00 2.414361336846324122e-05 3.603419455270687210e-06
7.392525000000000013e+00 2.123836469280120513e-05 2.835028150207646959e-06
7.902608999999999995e+00 1.865103849754052139e-05 2.232182493545842760e-06
8.447889999999999233e+00 1.638451780796230090e-05 1.758410852793908895e-06
9.030794000000000210e+00 1.437492323282623299e-05 1.381164670241070196e-06
9.653919000000000139e+00 1.259385255692027851e-05 1.075517138548207803e-06
1.032004000000000055e+01 1.101604822213271723e-05 8.369637341365284141e-07
1.103212000000000081e+01 9.630203884350909486e-06 6.520120210997071588e-07
1.179334000000000060e+01 8.415468811889482623e-06 5.084459140839742951e-07
1.260707999999999984e+01 7.352140407945731791e-06 3.969925781825697903e-07
1.347696999999999967e+01 6.422118767331723398e-06 3.103388304331324706e-07
1.440687999999999924e+01 5.609143060676641399e-06 2.428860537935041730e-07
1.540094999999999992e+01 4.898681747463946375e-06 1.901736094676000160e-07
1.646361999999999881e+01 4.277891949962976156e-06 1.490440739680343777e-07
1.759960999999999842e+01 3.735530025016121608e-06 1.169629756229954874e-07
1.881398000000000081e+01 3.261613585837144555e-06 9.164105842082650060e-08
2.011214999999999975e+01 2.847274897933600701e-06 7.174628323568603769e-08
2.149988000000000099e+01 2.484854634918424796e-06 5.603385741789132263e-08
2.298338000000000036e+01 2.167522908632904378e-06 4.379146791930971094e-08
2.456923000000000101e+01 1.889285575769423277e-06 3.427444650410942479e-08
2.626450000000000173e+01 1.644377904298277760e-06 2.686928149049037366e-08
2.807676000000000016e+01 1.426210494352214037e-06 2.089916681781761694e-08
2.988138000000000005e+01 1.229532152122699284e-06 1.650980019030887050e-08
3.001405000000000101e+01 1.213193177867159095e-06 1.623644857793779075e-08
3.033874000000000137e+01 1.161694976133265619e-06 1.559137164229426728e-08
3.046070999999999884e+01 1.115416109236606834e-06 1.535751220473645037e-08
3.064366000000000057e+01 1.139203739569172836e-06 8.703169975188796113e-08
3.110101999999999833e+01 1.138487665763331718e-06 8.243206176294127929e-08
3.208502000000000010e+01 1.091541495462677258e-06 7.354829716646289512e-08
3.429889000000000010e+01 9.722318844014241831e-07 5.772425903422299752e-08
3.666550999999999760e+01 8.583521624859633565e-07 4.534524058443662390e-08
3.919543000000000177e+01 7.552706622754203649e-07 3.563749674957531764e-08
4.189992000000000161e+01 6.633604291355606352e-07 2.792360777808148375e-08
4.479100999999999999e+01 5.819096989532694247e-07 2.185883766637800019e-08
4.788159000000000276e+01 5.100457557537761530e-07 1.711140606498972177e-08
5.118542000000000058e+01 4.468039181198750960e-07 1.339263070910710564e-08
5.471721000000000146e+01 3.912469923766946696e-07 1.048596204608124082e-08
5.849269999999999925e+01 3.424992568555193744e-07 8.213382777266074191e-09
6.252870000000000061e+01 2.999512748023686865e-07 6.427615112311602659e-09
6.684318000000000382e+01 2.624717894176423249e-07 5.021362221956927435e-09
7.145535999999999888e+01 2.296454931227697273e-07 3.926463854970160714e-09
7.638577999999999690e+01 2.009086158983862741e-07 3.073587415301006574e-09
8.165640000000000498e+01 1.757612357475039953e-07 2.405161405581392526e-09
8.729068999999999789e+01 1.537513271258282066e-07 1.878586298660552930e-09
9.331373999999999569e+01 1.344923961940388019e-07 1.469677402204228952e-09
9.975239000000000544e+01 1.176435101568074248e-07 1.151922217536777993e-09
1.066353000000000009e+02 1.029052085536780753e-07 9.049086451496737752e-10
1.139930999999999983e+02 9.001369626503010782e-08 7.125498346096731914e-10
1.218586999999999989e+02 7.873793758278162674e-08 5.626512175391535719e-10
1.302668999999999926e+02 6.887586540107617612e-08 4.456713166465846292e-10
1.392553000000000054e+02 6.025005387837628366e-08 3.542006596351479204e-10
1.488640000000000043e+02 5.270546471307054095e-08 2.825881945481026770e-10
1.591356000000000108e+02 4.610657590439522022e-08 2.264194185932766491e-10
1.701159000000000106e+02 4.033477038962962653e-08 1.822616925495952329e-10
1.818539000000000101e+02 3.528616485487717557e-08 1.474640536214258014e-10
1.944018000000000086e+02 3.087008945387610950e-08 1.199580435817567256e-10
2.078155999999999892e+02 2.700724170421025090e-08 9.814577222384570481e-11
2.221547999999999945e+02 2.362816329965625913e-08 8.078321282909664457e-11
2.374834999999999923e+02 2.067225276762970544e-08 6.690430250043564813e-11
2.538699000000000012e+02 1.808640991368010215e-08 5.576507929499525812e-11
2.713869000000000256e+02 1.582427875884958381e-08 4.678002753817353740e-11
2.901125999999999863e+02 1.384526696620051175e-08 3.948939565313982498e-11
3.101304000000000087e+02 1.211391751890578563e-08 3.354105209549884939e-11
3.315294000000000096e+02 1.059919944481271997e-08 2.866202933476454928e-11
3.544048999999999978e+02 9.274009574222501694e-09 2.463075733784090305e-11
3.788587999999999738e+02 8.114568482904089147e-09 2.128102114350368817e-11
4.050000999999999749e+02 7.100161714615268272e-09 1.847788212215587682e-11
4.329451000000000249e+02 6.212616647971098181e-09 1.611720181373148762e-11
