1.067676000000000069e+00 5.026814412581154896e-04 1.178929002091077936e-04
1.141345000000000054e+00 4.412229981740412098e-04 9.285541805846488517e-05
1.220097999999999905e+00 3.866142727621991342e-04 7.306292738396748406e-05
1.304284999999999917e+00 3.383239393503027488e-04 5.745324142861743435e-05
1.394281000000000104e+00 2.957685407199118978e-04 4.516385053009722627e-05
1.490485999999999978e+00 2.583807571301278559e-04 3.550173080882957396e-05
1.593328999999999995e+00 2.256282574165731803e-04 2.791118346146659375e-05
1.703268999999999922e+00 1.969207969998775583e-04 2.184862289004332842e-05
1.820794999999999941e+00 1.717664122859921115e-04 1.710512928770192262e-05
1.946430000000000105e+00 1.497785322930397930e-04 1.340734188133752752e-05
2.080732999999999944e+00 1.305782951783563762e-04 1.049322444511262936e-05
2.224304000000000059e+00 1.137996996957912281e-04 8.204508498987071299e-06
2.377781000000000144e+00 9.914809412844633656e-05 6.421537362652663510e-06
2.541847999999999885e+00 8.635941105302511833e-05 5.031554582215751175e-06
2.717235000000000067e+00 7.519700163748241838e-05 3.946525166313122091e-06
2.904723999999999862e+00 6.545678353019504883e-05 3.098981206030885052e-06
3.105150000000000077e+00 5.694225111662498960e-05 2.412027223354934881e-06
3.319405999999999857e+00 4.944433498900815439e-05 1.862144052418351536e-06
3.548445000000000071e+00 4.284081409560272816e-05 1.439435403491790219e-06
3.793287999999999993e+00 3.697779501983815867e-05 1.114070677949479984e-06
4.055024000000000406e+00 3.164785827997336856e-05 8.632561093990099933e-07
4.334820999999999813e+00 2.625161142389990303e-05 6.698263245832817265e-07
4.402943999999999747e+00 2.462025058228759742e-05 6.313850404064169414e-07
4.470335999999999643e+00 2.181500433898522954e-05 5.960990449254883388e-07
4.488306999999999825e+00 1.916498026059298518e-05 5.871154852141266592e-07
4.515264000000000166e+00 2.142961114531944140e-05 5.397853104836304164e-06
4.582656000000000063e+00 2.299591531531716481e-05 5.099095396480212459e-06
4.633924000000000376e+00 2.320566646780557749e-05 4.885616203442143450e-06
4.953663999999999845e+00 2.193487819890283013e-05 3.815274299740312481e-06
5.295467000000000368e+00 1.982444169912949699e-05 3.003479212563157160e-06
5.660854999999999748e+00 1.768913158211078701e-05 2.370919005739002201e-06
6.051453000000000415e+00 1.568877761516243661e-05 1.865789742027485846e-06
6.469003999999999976e+00 1.385468917108660265e-05 1.462307458337233793e-06
6.915365000000000428e+00 1.220064455622055634e-05 1.144845414310352261e-06
7.392525000000000013e+00 1.072333712189533307e-05 8.957427196479304571e-07
7.902608999999999995e+00 9.411954402966308980e-06 7.005230363482842021e-07
8.447889999999999233e+00 8.252937823887644670e-06 5.478227896011036513e-07
9.030794000000000210e+00 7.246027954640557791e-06 4.279177676321828640e-07
9.653919000000000139e+00 6.345013459492147356e-06 3.312594137409617686e-07
1.032004000000000055e+01 5.552534665012036820e-06 2.563778928050927460e-07
1.103212000000000081e+01 4.857132604792096667e-06 1.984787436893273048e-07
1.179334000000000060e+01 4.247745919982958259e-06 1.536898452875507337e-07
1.260707999999999984e+01 3.714172861569990990e-06 1.190396876623421797e-07
1.347696999999999967e+01 3.247286322428460984e-06 9.222891092924201050e-08
1.440687999999999924e+01 2.838915160266428263e-06 7.147830245099541046e-08
1.540094999999999992e+01 2.481852208217175616e-06 5.541385698350016199e-08
1.646361999999999881e+01 2.169694100317125686e-06 4.297754375307882125e-08
1.759960999999999842e+01 1.896832908875014190e-06 3.334512907687286215e-08
1.881398000000000081e+01 1.658363861856891099e-06 2.588377842821812264e-08
2.011214999999999975e+01 1.449934016859627080e-06 2.003557102385916163e-08
2.149988000000000099e+01 1.267713129351360313e-06 1.546683319670595362e-08
2.298338000000000036e+01 1.108416560242289312e-06 1.194793316744219001e-08
2.456923000000000101e+01 9.691780958125197679e-07 9.237530466099143072e-09
2.626450000000000173e+01 8.474743703001661636e-07 7.148596728151189310e-09
2.807676000000000016e+01 7.410907102806516173e-07 5.508262480374568936e-09
3.001405000000000101e+01 6.480771460032651934e-07 4.242877782922507448e-09
3.208502000000000010e+01 5.667558780569075417e-07 3.273688799755913191e-09
3.429889000000000010e+01 4.956597028523807000e-07 2.530763666401476133e-09
3.666550999999999760e+01 4.335026762448751373e-07 1.960832640909313355e-09
3.919543000000000177e+01 3.791544989448359918e-07 1.523152073175519464e-09
4.189992000000000161e+01 3.316339241985157295e-07 1.186801978941848027e-09
4.479100999999999999e+01 2.900803226716300702e-07 9.278867368800531347e-10
4.788159000000000276e+01 2.537441072018967251e-07 7.282462016045090879e-10
5.118542000000000058e+01 2.219657498109536119e-07 5.741341798413901547e-10
5.471721000000000146e+01 1.941746261954534580e-07 4.548788314670424470e-10
5.849269999999999925e+01 1.698678623008755511e-07 3.624004851159882986e-10
6.252870000000000061e+01 1.486073299074288093e-07 2.904826690936057462e-10
6.684318000000000382e+01 1.300114638211860254e-07 2.343907995104178525e-10
7.145535999999999888e+01 1.137452712909878665e-07 1.904832993033638584e-10
7.638577999999999690e+01 9.951608847436934480e-08 1.559659223006900952e-10
8.165640000000000498e+01 8.706899707343203842e-08 1.286465810644595746e-10
8.729068999999999789e+01 7.617982980387233013e-08 1.068596226123724006e-10
9.331373999999999569e+01 6.665345946276139481e-08 8.951408157132985566e-11
9.975239000000000544e+01 5.831919133691930486e-08 7.561807959134735092e-11
1.066353000000000009e+02 5.102776415185687041e-08 6.440410775308502161e-11
1.139930999999999983e+02 4.464840457098743785e-08 5.528512915084151878e-11
1.218586999999999989e+02 3.906706007078328196e-08 4.780583182208360140e-11
1.302668999999999926e+02 3.418381452859861064e-08 4.162320789268212165e-11
1.392553000000000054e+02 2.991108352799380440e-08 3.646943239909346801e-11
1.488640000000000043e+02 2.617262646049221007e-08 3.213242748436782326e-11
1.591356000000000108e+02 2.290167143333241077e-08 2.845355669640080215e-11
1.701159000000000106e+02 2.003961246790645765e-08 2.530642648059139240e-11
1.818539000000000101e+02 1.753530088122967989e-08 2.259134269448017135e-11
1.944018000000000086e+02 1.534402477863676325e-08 2.023358330899937104e-11
2.078155999999999892e+02 1.342663010812626330e-08 1.817120834900523285e-11
2.221547999999999945e+02 1.174890630907246378e-08 1.635583146813354529e-11
2.374834999999999923e+02 1.028086262605502670e-08 1.475000782384711503e-11
2.538699000000000012e+02 8.996251918727293811e-09 1.332167526631394192e-11
2.713869000000000256e+02 7.872196634798005153e-09 1.204670747486720987e-11
2.901125999999999863e+02 6.888620196514199068e-09 1.090318979402031175e-11
3.101304000000000087e+02 6.027933791244834046e-09 9.876119803959290322e-12
3.315294000000000096e+02 5.274785281552511102e-09 8.949555630521860319e-12
3.544048999999999978e+02 4.615760240757481988e-09 8.113690689660430896e-12
3.788587999999999738e+02 4.039073119590857065e-09 7.357162099261042689e-12
4.050000999999999749e+02 3.534451912860198611e-09 6.671918115053821419e-12
4.329451000000000249e+02 3.092876259442924527e-09 6.050613691389640239e-12
