1.004374899999999959e+00 6.011612794440486431e-04 9.333480741495357909e-05
1.009396799999999983e+00 5.946115293991608916e-04 9.169164814460110024e-05
1.014443800000000007e+00 5.881118927383581670e-04 9.008441262905666916e-05
1.019516000000000089e+00 5.816599777257660132e-04 8.849961278314580739e-05
1.024613599999999902e+00 5.752578731157384799e-04 8.694568177869029522e-05
1.029736699999999949e+00 5.689009950016390288e-04 8.542226787165875653e-05
1.034885300000000008e+00 5.625938774815443608e-04 8.392474026661202516e-05
1.040059800000000090e+00 5.563338745271444955e-04 8.245279296670166296e-05
1.045260099999999914e+00 5.501189691727648764e-04 8.100616323835638851e-05
1.050486400000000042e+00 5.439533323586953758e-04 7.958879300041904437e-05
1.055738800000000088e+00 5.378325746033407349e-04 7.819193412736337619e-05
1.061017499999999947e+00 5.317565737719943085e-04 7.682373966377649605e-05
1.066322599999999898e+00 5.257273867971640983e-04 7.546722323255672187e-05
1.071654200000000001e+00 5.197408000870405460e-04 7.410158976767013974e-05
1.077012499999999928e+00 5.137967423434713736e-04 7.276416340362278252e-05
1.082397499999999901e+00 5.078953283188722672e-04 7.145052233110770314e-05
1.087809500000000096e+00 5.020343822642811538e-04 7.016447216124613740e-05
1.093248599999999904e+00 4.962139737228372927e-04 6.889756980052349740e-05
1.098714799999999991e+00 4.904342526961706162e-04 6.765770653460128454e-05
1.104208400000000090e+00 4.846950912538727243e-04 6.644053319103447684e-05
1.109729399999999977e+00 4.789927811348054635e-04 6.524180210972740067e-05
1.115278100000000050e+00 4.733273024059882206e-04 6.406927240635052769e-05
1.120854500000000087e+00 4.677007699601338294e-04 6.291868075287637501e-05
1.126458699999999924e+00 4.621113964696838190e-04 6.178978073915186427e-05
1.132090999999999958e+00 4.565554522101788440e-04 6.067839548872551984e-05
1.137751500000000027e+00 4.510349973871237970e-04 5.958824430496533593e-05
1.143440199999999907e+00 4.455502758186547147e-04 5.851909249303297408e-05
1.149157399999999996e+00 4.400959101937791185e-04 5.747069189856914283e-05
1.154903199999999908e+00 4.346739832849754728e-04 5.644280707098808325e-05
1.160677699999999923e+00 4.292829811467012793e-04 5.543137930702405453e-05
1.166481099999999937e+00 4.239213746628072441e-04 5.444003572037225117e-05
1.172313500000000008e+00 4.185877672429794854e-04 5.346475953241645505e-05
1.178175100000000031e+00 4.132807466190396243e-04 5.250914364738245628e-05
1.184066000000000063e+00 4.079990274557169887e-04 5.157296242931576780e-05
1.189986299999999941e+00 4.027413759860442991e-04 5.065226113084053851e-05
1.195936200000000005e+00 3.975065421688513167e-04 4.974686944115149450e-05
1.201915899999999926e+00 3.922916916982142920e-04 4.886031274198824768e-05
1.207925499999999985e+00 3.870974149218905035e-04 4.799237295378482287e-05
1.213965100000000019e+00 3.819194662375699142e-04 4.713551920567691454e-05
1.220034999999999981e+00 3.767552384910055293e-04 4.629691692972196133e-05
1.226135100000000033e+00 3.716040548470386285e-04 4.547273992920249119e-05
1.232265799999999967e+00 3.664634132212395926e-04 4.466282007348708441e-05
1.238427100000000003e+00 3.613296159978743143e-04 4.387059074083071529e-05
1.244619300000000095e+00 3.562004755664308379e-04 4.309227001262764037e-05
1.250842400000000021e+00 3.510725632912359371e-04 4.232770900981044665e-05
1.257096599999999897e+00 3.459424875001189566e-04 4.157675314997256658e-05
1.263382100000000063e+00 3.408055259538119298e-04 4.083924937446730384e-05
1.269698999999999911e+00 3.356586837224266205e-04 4.011504928659324399e-05
1.276047500000000001e+00 3.304975997560065945e-04 3.940400259776351380e-05
1.282427699999999948e+00 3.253138446370213289e-04 3.870596350915741742e-05
1.288839899999999927e+00 3.201035219261283687e-04 3.802078150088871339e-05
1.295284000000000102e+00 3.148602976213802631e-04 3.734831929480590890e-05
1.301760500000000098e+00 3.095750385147000858e-04 3.668842333525333883e-05
1.308269300000000079e+00 3.042379154145173625e-04 3.604095878004647940e-05
1.314810599999999940e+00 2.988393896052131253e-04 3.540578334067357417e-05
1.321384700000000079e+00 2.933675958736094592e-04 3.477939347837730882e-05
1.327991600000000050e+00 2.878073029165373982e-04 3.416839170382659634e-05
1.334631600000000029e+00 2.821411583591313852e-04 3.356593368210450602e-05
1.341304700000000016e+00 2.763487514188239639e-04 3.297458521203201141e-05
1.348011199999999965e+00 2.704026259685042891e-04 3.239421765755020190e-05
1.354751299999999992e+00 2.642726852559828914e-04 3.182437844234115704e-05
1.361525000000000096e+00 2.579187276765707395e-04 3.126462730120790369e-05
1.368332700000000068e+00 2.512882241426718814e-04 3.071549561627734089e-05
1.375174300000000072e+00 2.443123022346940874e-04 3.017590002659257926e-05
1.382050199999999895e+00 2.368988150882886466e-04 2.964637254138217348e-05
1.388960500000000042e+00 2.289154559828162022e-04 2.912616146358568134e-05
1.395905299999999905e+00 2.201674510176931444e-04 2.861548290559460443e-05
1.402884800000000043e+00 2.103454595314248408e-04 2.811422896691185590e-05
1.409899199999999908e+00 1.989207915233228503e-04 2.762197786772305639e-05
1.416948700000000061e+00 1.848537297738068281e-04 2.713831510939853527e-05
1.424033499999999952e+00 1.655914631732787368e-04 2.666376872578491699e-05
1.431153600000000026e+00 1.308898454652656414e-04 2.619761798363189528e-05
1.435656800000000066e+00 1.101594354946635788e-05 2.590824274902803884e-05
1.435943100000000028e+00 9.167827711128903975e-06 1.326073305127731825e-04
1.438309400000000071e+00 1.056773430316854389e-04 1.318242705309440315e-04
1.445500900000000088e+00 1.477468164762892522e-04 1.294760358293511556e-04
1.452728400000000031e+00 1.614060804909618835e-04 1.271692934376303971e-04
1.459992100000000015e+00 1.664654011985653088e-04 1.249066216897512060e-04
1.467292000000000041e+00 1.646625964721147996e-04 1.226814817813128965e-04
1.474628499999999898e+00 1.430830434725283238e-04 1.204994691760895124e-04
1.476049399999999956e+00 1.069120299335044147e-04 1.200826786660093428e-04
1.476350599999999957e+00 1.063091198751573688e-04 1.698774224995996235e-04
1.482001600000000030e+00 1.679181748392488465e-04 1.675609758852502696e-04
1.489411700000000005e+00 1.844822203827105615e-04 1.645810472793696709e-04
1.496858699999999986e+00 1.941820283327159394e-04 1.616562999843927531e-04
1.504342999999999986e+00 2.010185206341460844e-04 1.587860875049158370e-04
1.511864700000000061e+00 2.061722549194125280e-04 1.559639287062481458e-04
1.519424000000000108e+00 2.101769284933034437e-04 1.531922202393610295e-04
1.527021200000000078e+00 2.133298501276714959e-04 1.504703880453267073e-04
1.534656299999999973e+00 2.158178032483158812e-04 1.477978930537749683e-04
1.542329499999999909e+00 2.177658807884866603e-04 1.451741807426723779e-04
1.550041199999999897e+00 2.192600626600654345e-04 1.425958189683829906e-04
1.557791399999999937e+00 2.203667577107888036e-04 1.400623253887785995e-04
1.565580399999999983e+00 2.211344687140203151e-04 1.375760301242521177e-04
1.573408300000000093e+00 2.215976243442911101e-04 1.351307639524317397e-04
1.581275299999999939e+00 2.217809365931814637e-04 1.327316967612451903e-04
1.589181699999999919e+00 2.217026620631143191e-04 1.303755011136381451e-04
1.597127600000000092e+00 2.213675627989335789e-04 1.280617066761138997e-04
1.605113199999999907e+00 2.207720711115855529e-04 1.257870728189068902e-04
1.613138799999999984e+00 2.198946982670366048e-04 1.235539152374102610e-04
1.621204499999999937e+00 2.186853075618127532e-04 1.213617757702331737e-04
1.629310500000000106e+00 2.170370661307906789e-04 1.192074674839869991e-04
1.637457099999999999e+00 2.146851791749056204e-04 1.170932775877734039e-04
1.645644300000000060e+00 2.107623582573830956e-04 1.150160688094824832e-04
1.652459499999999970e+00 2.013084873093396138e-04 1.133218956517071052e-04
1.653872599999999915e+00 1.803870317585426605e-04 1.129754107657115195e-04
1.655340599999999940e+00 2.009796554761479430e-04 1.291450883805599754e-04
1.662141899999999950e+00 2.098580876451046839e-04 1.273050985393215067e-04
1.670452599999999954e+00 2.129976961055866729e-04 1.251035933704610812e-04
1.678804900000000044e+00 2.145045067244014982e-04 1.229367071810539267e-04
1.687198900000000057e+00 2.152987981352392122e-04 1.208119734475879514e-04
1.695634899999999945e+00 2.156743313468952158e-04 1.187210467011354757e-04
1.704113100000000047e+00 2.157645366120498150e-04 1.166687765320723291e-04
1.712633700000000037e+00 2.156445472489548624e-04 1.146495423328254375e-04
1.721196799999999971e+00 2.153587498295894719e-04 1.126681551948017384e-04
1.729802800000000085e+00 2.149371642940026703e-04 1.107190401234252477e-04
1.738451799999999992e+00 2.144001767481698724e-04 1.088120715357701471e-04
1.747144100000000089e+00 2.137704954094183307e-04 1.069442047391255807e-04
1.755879799999999991e+00 2.130631362796563046e-04 1.051099340930299617e-04
1.764659200000000094e+00 2.122856878041389926e-04 1.033088784312973413e-04
1.773482500000000073e+00 2.114470120302738279e-04 1.015406661614752325e-04
1.782349900000000043e+00 2.105534270872564989e-04 9.980243796527344053e-05
1.791261699999999957e+00 2.096117517226525596e-04 9.809633912044481011e-05
1.800218000000000096e+00 2.086256937723638468e-04 9.641954705894637391e-05
1.809219099999999969e+00 2.076009667158227397e-04 9.477418857457373265e-05
1.818265199999999915e+00 2.065416766494006543e-04 9.315502459663622243e-05
1.827356500000000050e+00 2.054503744007283900e-04 9.156663502734967153e-05
1.836493300000000106e+00 2.043302114795174005e-04 9.000383026490294317e-05
1.845675699999999919e+00 2.031856688284446543e-04 8.847115222320382332e-05
1.854904099999999945e+00 2.020182528416813376e-04 8.696346061623017650e-05
1.864178600000000019e+00 2.008308536543260061e-04 8.548287306071109383e-05
1.873499500000000095e+00 1.996241978515371539e-04 8.401960359161340030e-05
1.882867000000000068e+00 1.983983515326669285e-04 8.257821048398043210e-05
1.892281399999999891e+00 1.971553540098248101e-04 8.116080876973402064e-05
1.901742800000000067e+00 1.958972192653708592e-04 7.976947744442777191e-05
1.911251500000000103e+00 1.946258536650301047e-04 7.840159666051806835e-05
1.920807699999999896e+00 1.933424788981710307e-04 7.705691118077373860e-05
1.930411799999999900e+00 1.920476044166492845e-04 7.573056019408898744e-05
1.940063799999999894e+00 1.907424373827755980e-04 7.442694667497119722e-05
1.949764199999999947e+00 1.894274272825642981e-04 7.314581026892026975e-05
1.959513000000000060e+00 1.881043441109203954e-04 7.188691209517522130e-05
1.969310499999999964e+00 1.867748395999185992e-04 7.065000394945436643e-05
1.979157099999999891e+00 1.854392814212417224e-04 6.943483653186484199e-05
1.989052899999999902e+00 1.840986838644103837e-04 6.823894137934717521e-05
1.998998100000000111e+00 1.827534174731631795e-04 6.706655595063143569e-05
2.008993100000000087e+00 1.814055672445868484e-04 6.591298448046161796e-05
2.019038099999999947e+00 1.800548560275488073e-04 6.477802650277678879e-05
2.029133299999999807e+00 1.787021721560686546e-04 6.366367126620346044e-05
2.039279000000000064e+00 1.773483566193655451e-04 6.256968588674033794e-05
2.049475399999999947e+00 1.759942391848904361e-04 6.149367637777371101e-05
2.059722700000000017e+00 1.746400632775478015e-04 6.043544936687539549e-05
2.070021300000000064e+00 1.732865852158289020e-04 5.939695218780031245e-05
2.080371400000000204e+00 1.719340217266691808e-04 5.837582887818286269e-05
2.090773299999999946e+00 1.705831091823934624e-04 5.737188864166491593e-05
2.101227199999999851e+00 1.692345741749386732e-04 5.638705815344275535e-05
2.111733300000000035e+00 1.678885865825609962e-04 5.541691617403695101e-05
2.122291999999999845e+00 1.665452804477825222e-04 5.446339789412212728e-05
2.132903400000000005e+00 1.652058737717736322e-04 5.352840607002216434e-05
2.143568000000000140e+00 1.638704470657231067e-04 5.260757976128908626e-05
2.154285799999999806e+00 1.625396649024379414e-04 5.170077681186044529e-05
2.165057200000000126e+00 1.612115829644632139e-04 5.080579573117288082e-05
2.175882500000000164e+00 1.598863492256722048e-04 4.992660117984910987e-05
2.186761900000000036e+00 1.585656069902299944e-04 4.906098890076615994e-05
2.197695700000000141e+00 1.572484725132149120e-04 4.821083475969246859e-05
2.208684199999999986e+00 1.559360384891927823e-04 4.737596556923715483e-05
2.219727600000000134e+00 1.546284094447378775e-04 4.655621185577573333e-05
2.230826299999999929e+00 1.533256591469362785e-04 4.574941122646101728e-05
2.241980400000000095e+00 1.520283710472116888e-04 4.495542900816333685e-05
2.253190299999999979e+00 1.507365997985865319e-04 4.417609603314282831e-05
2.264456200000000141e+00 1.494504250631285760e-04 4.341124852185757478e-05
2.275778499999999926e+00 1.481703545130954062e-04 4.265876939560414349e-05
2.287157399999999896e+00 1.468964497057013996e-04 4.191852697128928539e-05
2.298593200000000003e+00 1.456287570694929747e-04 4.119232038076896035e-05
2.310086200000000201e+00 1.443677646982234261e-04 4.047806763662208676e-05
2.321636600000000161e+00 1.431130757372077618e-04 3.977564057664968505e-05
2.333244800000000119e+00 1.418651536164940077e-04 3.908681158523349128e-05
2.344911000000000190e+00 1.406240372085390121e-04 3.840953297547492238e-05
2.356635600000000164e+00 1.393901657455390980e-04 3.774367681150166695e-05
2.368418699999999877e+00 1.381631522249831190e-04 3.708912114623232482e-05
2.380260799999999843e+00 1.369434132634038241e-04 3.644573876119881577e-05
2.392162100000000180e+00 1.357309694362768629e-04 3.581340833129137072e-05
2.404122999999999788e+00 1.345258172647384725e-04 3.519200657959437717e-05
2.416143599999999836e+00 1.333279859802438000e-04 3.458141575565548860e-05
2.428224300000000113e+00 1.321378712203322039e-04 3.398151474325311340e-05
2.440365400000000129e+00 1.309554657387109258e-04 3.339218500409082442e-05
2.452567199999999836e+00 1.297807615531448400e-04 3.281330907018003158e-05
2.464830099999999913e+00 1.286133500569046567e-04 3.224296794222106569e-05
2.477154200000000195e+00 1.274540256389862308e-04 3.168466043539805107e-05
2.489539999999999864e+00 1.263027458484293887e-04 3.113467594923168398e-05
2.501987699999999926e+00 1.251591209505077597e-04 3.059470365213134562e-05
2.514497599999999888e+00 1.240231395556484111e-04 3.006463114281853516e-05
2.527070099999999986e+00 1.228955209071682655e-04 2.954258894439009211e-05
2.539705500000000171e+00 1.217754969518282723e-04 2.903024114922473603e-05
2.552404000000000117e+00 1.206637907847592147e-04 2.852573994626146484e-05
2.565166000000000057e+00 1.195599980579817041e-04 2.803073249106686330e-05
2.577991899999999781e+00 1.184640850470171001e-04 2.754511009563676783e-05
2.590881800000000013e+00 1.173763977971481497e-04 2.706705462011858518e-05
2.603836199999999934e+00 1.162968821909525041e-04 2.659818895258458517e-05
2.616855399999999943e+00 1.152255025478014506e-04 2.613671164911137996e-05
2.629939699999999991e+00 1.141618808875863241e-04 2.568423236314412378e-05
2.643089400000000033e+00 1.131066687187170491e-04 2.523896823475838572e-05
2.656304800000000021e+00 1.120594842403260251e-04 2.480084219790108579e-05
2.669586300000000190e+00 1.110206146830451635e-04 2.437144006583533891e-05
2.682934299999999883e+00 1.099896769526156475e-04 2.394900559490204808e-05
2.696348899999999826e+00 1.089669766335342574e-04 2.353346568970195952e-05
2.709830699999999926e+00 1.079524432132674100e-04 2.312638190288933968e-05
2.723379800000000017e+00 1.069460468327006837e-04 2.272439740208032685e-05
2.736996700000000171e+00 1.059474099060967031e-04 2.233070635935346623e-05
2.750681699999999896e+00 1.049574344437446017e-04 2.194359823245722394e-05
2.764435100000000034e+00 1.039751273059644150e-04 2.156460758898723909e-05
2.778257299999999930e+00 1.030013644663947258e-04 2.119044267071259485e-05
2.792148599999999981e+00 1.020354754230084511e-04 2.082423747581060473e-05
2.806109300000000140e+00 1.010777156079263448e-04 2.046273423669963637e-05
2.820139900000000033e+00 1.001280168119957797e-04 2.010903492642606682e-05
2.834240600000000221e+00 9.918633281758003643e-05 1.976148191572575240e-05
2.848411800000000049e+00 9.825289500319005697e-05 1.941844814495905858e-05
2.862653900000000196e+00 9.732763499927957012e-05 1.908299109314631802e-05
2.876967099999999888e+00 9.670637572148871677e-05 1.875193525014500246e-05
2.891351999999999922e+00 9.579434540027792998e-05 1.842523585243168805e-05
2.905808700000000133e+00 9.489006018461719916e-05 1.810285176228856979e-05
2.920337799999999984e+00 9.399372630036668421e-05 1.778625934050109936e-05
2.934939400000000198e+00 9.310557194990812680e-05 1.747690816725745058e-05
2.949614099999999794e+00 9.222551076907505756e-05 1.717169955375814089e-05
2.964362200000000058e+00 9.149887901551397929e-05 1.687059284997546399e-05
2.979184000000000054e+00 9.063416225169927220e-05 1.657503801749670252e-05
2.994079900000000016e+00 8.977838929149553062e-05 1.628497225471831558e-05
3.009050300000000178e+00 8.892544767748136877e-05 1.599148033890911681e-05
3.024095599999999884e+00 8.807567453971011206e-05 1.569903724793013288e-05
3.039216099999999976e+00 8.723247425973636247e-05 1.541203007377337086e-05
3.054412199999999800e+00 8.639581394463482513e-05 1.512894371589943589e-05
3.069684200000000196e+00 8.556566628752460891e-05 1.485118576619329846e-05
3.085032599999999903e+00 8.474224129052157614e-05 1.457725606964611668e-05
3.100457800000000042e+00 8.392549868967341187e-05 1.431055297782392995e-05
3.115960100000000121e+00 8.311540370920578776e-05 1.404799529536152847e-05
3.131539899999999932e+00 8.231191615464489655e-05 1.379053154072620200e-05
3.147197600000000151e+00 8.151523487127841302e-05 1.353768014290641775e-05
3.162933600000000123e+00 8.072531285314497158e-05 1.328952997654180281e-05
3.178748199999999802e+00 7.994210841118804130e-05 1.304574898310129138e-05
3.194641999999999982e+00 7.916556497508186010e-05 1.280642684251652119e-05
3.210615199999999891e+00 7.839564637222955483e-05 1.257165255018248593e-05
3.226668300000000045e+00 7.763230168687252351e-05 1.234137398467546704e-05
3.242801599999999951e+00 7.687594005932455767e-05 1.211526645165237146e-05
3.259015600000000124e+00 7.612582952463858876e-05 1.189341910777108404e-05
3.275310699999999908e+00 7.538259344681736719e-05 1.167564810149727480e-05
3.291687299999999983e+00 7.464595553771746046e-05 1.146204247883605947e-05
3.308145699999999856e+00 7.400559565552469461e-05 1.125228672616212396e-05
3.324686400000000042e+00 7.328154363802117472e-05 1.104406727372009917e-05
3.341309900000000166e+00 7.256372212878801692e-05 1.083963399151420205e-05
3.358016399999999901e+00 7.185209643015983956e-05 1.063920957250100657e-05
3.374806500000000042e+00 7.114682244932502009e-05 1.044248429415626187e-05
3.391680500000000098e+00 7.044764965907348371e-05 1.024941686044314332e-05
3.408638900000000138e+00 6.975473490310334806e-05 1.005996572916675190e-05
3.425682099999999952e+00 6.906802980763552321e-05 9.874090044015387973e-06
3.442810500000000218e+00 6.838748633107117963e-05 9.691749314502630039e-06
3.460024600000000117e+00 6.771305284553150606e-05 9.512774819206568498e-06
3.477324700000000046e+00 6.704468599046567554e-05 9.337128992787236724e-06
3.494711300000000076e+00 6.638233489330532314e-05 9.164774056817558555e-06
3.512184899999999832e+00 6.572614103854137427e-05 8.995672591873287056e-06
3.529745800000000155e+00 6.507586637291231822e-05 8.829788033559628568e-06
3.547394499999999784e+00 6.443164936635492504e-05 8.666958474480074680e-06
3.565131500000000120e+00 6.379343537677405196e-05 8.507149381664085396e-06
3.582957200000000064e+00 6.316098958855614453e-05 8.350450696722077598e-06
3.600871900000000014e+00 6.253445333823211478e-05 8.196580524453963583e-06
3.618876300000000157e+00 6.191376643008446572e-05 8.045629340811453979e-06
3.636970700000000001e+00 6.129888315051950677e-05 7.897442237227755073e-06
3.655155499999999780e+00 6.068975463557551257e-05 7.752109730313221141e-06
3.673431299999999844e+00 6.008615050309047971e-05 7.609478048824515148e-06
3.691798499999999983e+00 5.948837535247320754e-05 7.469396557700607327e-06
3.710257499999999986e+00 5.889637648314077122e-05 7.332076274479368745e-06
3.728808799999999923e+00 5.830975816738802906e-05 7.197247231031626739e-06
3.747452800000000028e+00 5.772881585774587742e-05 7.065000114737270504e-06
3.766190100000000207e+00 5.715332535011783191e-05 6.935187354364028266e-06
3.785020999999999969e+00 5.658324399064111024e-05 6.807781856925456022e-06
3.803946100000000108e+00 5.601868395673665626e-05 6.682756222719621835e-06
3.822965899999999806e+00 5.545943071743451603e-05 6.560083492243701468e-06
3.842080699999999904e+00 5.490560305185563468e-05 6.439621731579427592e-06
3.861291099999999865e+00 5.435714636704371049e-05 6.321460998098684985e-06
3.880597499999999922e+00 5.381385523305492883e-05 6.205575212132044609e-06
3.900000499999999981e+00 5.327568095178202966e-05 6.091710523818342039e-06
3.919500499999999832e+00 5.274288887201162359e-05 5.980071278415286625e-06
3.939097999999999988e+00 5.221511978025657582e-05 5.870519215233458254e-06
3.958793500000000076e+00 5.169232915416858097e-05 5.762918552021017302e-06
3.978587500000000166e+00 5.117477186603127016e-05 5.657359142338456209e-06
3.998480400000000046e+00 5.066210189481381838e-05 5.553817916809740060e-06
4.018472799999999623e+00 5.015456653334892810e-05 5.452161247806841872e-06
4.038565199999999855e+00 4.965182417077738372e-05 5.352367998589772895e-06
4.058758000000000088e+00 4.915397861523916639e-05 5.254526743091492654e-06
4.079051800000000227e+00 4.866098124538169940e-05 5.158397267293195333e-06
4.099447099999999899e+00 4.817278641169433552e-05 5.064068940657249202e-06
4.119944300000000226e+00 4.768935124771750655e-05 4.971521503061746515e-06
4.140544000000000224e+00 4.721062864817231327e-05 4.880734631955392675e-06
4.161246700000000409e+00 4.673657434695504723e-05 4.791581618676000077e-06
4.182052999999999798e+00 4.626727760031195552e-05 4.704044111002379115e-06
4.202963200000000121e+00 4.580242756573197152e-05 4.618209896718271656e-06
4.223978100000000069e+00 4.534224401664252506e-05 4.533954044531666352e-06
4.245097999999999594e+00 4.488642230418216696e-05 4.451259033531448796e-06
4.266323400000000099e+00 4.443518426607316808e-05 4.370107277014442676e-06
4.287655100000000274e+00 4.398834947748144516e-05 4.290377496070932376e-06
4.309093299999999793e+00 4.354601046192314314e-05 4.212260346892400282e-06
4.330638800000000010e+00 4.310786427487044072e-05 4.135429313445659784e-06
4.352292000000000272e+00 4.267412631129830603e-05 4.060074628672241099e-06
4.374053499999999595e+00 4.224475102890078967e-05 3.986077882194912303e-06
4.395923699999999990e+00 4.181945236980315019e-05 3.913323020624944662e-06
4.417903299999999867e+00 4.139843362444780336e-05 3.841997356041483395e-06
4.439992900000000020e+00 4.098153074478492623e-05 3.771984428934365326e-06
4.462192800000000403e+00 4.056882811385663753e-05 3.703269672416972583e-06
4.484503799999999707e+00 4.016016126316735194e-05 3.635838228938875627e-06
4.506926299999999941e+00 3.975549468367515495e-05 3.569577197906563550e-06
4.529460900000000123e+00 3.935490495549417024e-05 3.504669670044343838e-06
4.552108200000000160e+00 3.895823614777379584e-05 3.440904817850678111e-06
4.574868799999999958e+00 3.856556347140421414e-05 3.378269940714554588e-06
4.597743099999999750e+00 3.817673753264806756e-05 3.316849165094542105e-06
4.620731799999999723e+00 3.779171957953447882e-05 3.256532415379526271e-06
4.643835499999999783e+00 3.741058270381161023e-05 3.197402947671555964e-06
4.667054699999999556e+00 3.703328900118301354e-05 3.139256900366205052e-06
4.690389999999999837e+00 3.665969181790553003e-05 3.082272886972572777e-06
4.713841900000000251e+00 3.628975725189735461e-05 3.026249164132112121e-06
4.737411100000000097e+00 3.592355408894442622e-05 2.971362606240909435e-06
4.761098200000000169e+00 3.556104451211944119e-05 2.917413508624581862e-06
4.784903700000000093e+00 3.520208926381504153e-05 2.864484426368960246e-06
4.808828199999999775e+00 3.484675671948946990e-05 2.812563769735361547e-06
4.832872300000000010e+00 3.449501024805086939e-05 2.761548187091782945e-06
4.857036700000000096e+00 3.414671192811085927e-05 2.711519025775518465e-06
4.881321899999999658e+00 3.380192969070852253e-05 2.662374106448844031e-06
4.905728500000000381e+00 3.346052978104560637e-05 2.614194111390971160e-06
4.930257100000000392e+00 3.312257742796918087e-05 2.566877903831210726e-06
4.954908399999999880e+00 3.278803662713224062e-05 2.520415794577334641e-06
4.979682900000000245e+00 3.245677902470681255e-05 2.474798285313261614e-06
5.004581400000000180e+00 3.212886544547807375e-05 2.430015813317874210e-06
5.029604299999999917e+00 3.180426495685769887e-05 2.386059099755050549e-06
5.054752299999999643e+00 3.148285049337445169e-05 2.342918802126197599e-06
5.080026000000000153e+00 3.116477539033374290e-05 2.300585711130620092e-06
5.105426200000000136e+00 3.084982047539007780e-05 2.259050611722939856e-06
5.130953299999999828e+00 3.053795884594336113e-05 2.218218021085265977e-06
5.156608099999999695e+00 3.022933702058999193e-05 2.178166283187274265e-06
5.182391100000000250e+00 2.992374593895443576e-05 2.138886555877026815e-06
5.208303100000000185e+00 2.962124211675757455e-05 2.100284706143432995e-06
5.234344600000000014e+00 2.932179601850005008e-05 2.062438145384044876e-06
5.260516299999999923e+00 2.902529065003662859e-05 2.025253782619561152e-06
5.286818900000000099e+00 2.873186675920383885e-05 1.988724267410604042e-06
5.313252999999999560e+00 2.844132450911587558e-05 1.952925915817691788e-06
5.339819199999999988e+00 2.815372002125944196e-05 1.917767152285506370e-06
5.366518300000000075e+00 2.786893997794673102e-05 1.883240793860174543e-06
5.393350899999999726e+00 2.758712082183087806e-05 1.849339795220286018e-06
5.420317700000000016e+00 2.730806962518740068e-05 1.816057139437314345e-06
5.447419299999999964e+00 2.703192019018267037e-05 1.783385906790037221e-06
5.474656399999999756e+00 2.675848346142702377e-05 1.751319206377036672e-06
5.502029699999999579e+00 2.648781152122020027e-05 1.719850210554151036e-06
5.529539800000000227e+00 2.621987719452123820e-05 1.688891891412942917e-06
5.557187500000000391e+00 2.595457508797414169e-05 1.658598500292277348e-06
5.584973399999999977e+00 2.569203263967055211e-05 1.628803233383450917e-06
5.612898300000000340e+00 2.543214435152745551e-05 1.599579766831771722e-06
5.640962799999999611e+00 2.517480990214899443e-05 1.570842894533547554e-06
5.669167599999999752e+00 2.492007853541017848e-05 1.542665638284884644e-06
5.697513500000000342e+00 2.466792307200032231e-05 1.514963629791775472e-06
5.726001000000000118e+00 2.441831923876271946e-05 1.487809267592445146e-06
5.754630999999999830e+00 2.417123958907774011e-05 1.461196194523311824e-06
5.783404199999999662e+00 2.392665871939790711e-05 1.434964627494185844e-06
5.812321200000000410e+00 2.368455232142739286e-05 1.409263468038044102e-06
5.841382799999999875e+00 2.344489470826829986e-05 1.384086547550194932e-06
5.870589700000000022e+00 2.320766130465073897e-05 1.359276521207450345e-06
5.899942700000000428e+00 2.297282702392999725e-05 1.334980097328707905e-06
5.929442400000000113e+00 2.274030132396010298e-05 1.311116433472233185e-06
5.959089600000000431e+00 2.251019493077713334e-05 1.287680692217484414e-06
5.988884999999999792e+00 2.228241637368385405e-05 1.264668102212801839e-06
6.018829499999999832e+00 2.205687562547724005e-05 1.242073893368661340e-06
6.048923600000000178e+00 2.183368247666989657e-05 1.219893422180653730e-06
6.079168199999999800e+00 2.161274677821485398e-05 1.198048970352989950e-06
6.109564100000000053e+00 2.139398198714218850e-05 1.176682349082526337e-06
6.140111899999999956e+00 2.117749401563815811e-05 1.155715619541662341e-06
6.170812500000000256e+00 2.096319549171933526e-05 1.135072276372381898e-06
6.201666499999999971e+00 2.075100386494968961e-05 1.114820526286022726e-06
6.232674900000000129e+00 2.054101930476146575e-05 1.094813402990940881e-06
6.263838200000000356e+00 2.033315977574969856e-05 1.074977786404196470e-06
6.295157399999999903e+00 2.012734261255338480e-05 1.055453482327229497e-06
6.326633199999999846e+00 1.992360796852796434e-05 1.036377550601845734e-06
6.358266399999999763e+00 1.972193467482468590e-05 1.017535129513161415e-06
6.390057699999999841e+00 1.952224446979643405e-05 9.991324762185414445e-07
6.422007999999999939e+00 1.932457513492296292e-05 9.808877412107755746e-07
6.454118000000000244e+00 1.912884999252835862e-05 9.630061964151316519e-07
6.486388599999999727e+00 1.893510612557382445e-05 9.454151888162388719e-07
6.518820599999999743e+00 1.874326782849184360e-05 9.281115898461316620e-07
6.551414699999999591e+00 1.855337265260693680e-05 9.111600821164108025e-07
6.584171699999999738e+00 1.836540097569520758e-05 8.945565800073741824e-07
6.915365000000000428e+00 1.662089007202376855e-05 7.470635966449315102e-07
7.392525000000000013e+00 1.449930129317456561e-05 5.838669805822850737e-07
7.902608999999999995e+00 1.264484036268406563e-05 4.557441081730999203e-07
8.447889999999999233e+00 1.102375345909661180e-05 3.561969901096105235e-07
9.030794000000000210e+00 9.607023271809433064e-06 2.778378413408407724e-07
9.653919000000000139e+00 8.364631478469795363e-06 2.144615107757658194e-07
1.032004000000000055e+01 7.271079713247566695e-06 1.657970355668458900e-07
1.103212000000000081e+01 6.302212762525503381e-06 1.283729276915045764e-07
1.179334000000000060e+01 5.421345086114057590e-06 9.955789862358298010e-08
1.240464000000000055e+01 4.724347327263339228e-06 8.221400395883020065e-08
1.260707999999999984e+01 4.333086565660403145e-06 7.733690654168649281e-08
1.264513999999999960e+01 4.092475582072479693e-06 7.646511056641995020e-08
1.272109000000000023e+01 4.294834594288115577e-06 5.586341185664835939e-07
1.291095999999999933e+01 4.389800112437020161e-06 5.260374943127128969e-07
1.347696999999999967e+01 4.201401141955632660e-06 4.437231226684123878e-07
1.440687999999999924e+01 3.768988941669515857e-06 3.472220724171704568e-07
1.540094999999999992e+01 3.341968301327657370e-06 2.738242540482905914e-07
1.646361999999999881e+01 2.950210048761224024e-06 2.165639790069454942e-07
1.759960999999999842e+01 2.597463576714849348e-06 1.698181975488766010e-07
1.881398000000000081e+01 2.282364541518410811e-06 1.329504209656179016e-07
2.011214999999999975e+01 2.002839810056441940e-06 1.039535105939497877e-07
2.149988000000000099e+01 1.755899434560181698e-06 8.122711845753644808e-08
2.298338000000000036e+01 1.538376685047290889e-06 6.346438931576318892e-08
2.456923000000000101e+01 1.347173136924586390e-06 4.960977227859519030e-08
2.626450000000000173e+01 1.180601608123566311e-06 3.873812938987403619e-08
2.807676000000000016e+01 1.033250690358631823e-06 3.007211587675680226e-08
3.001405000000000101e+01 9.039948241287058220e-07 2.331608827142644383e-08
3.208502000000000010e+01 7.907654912257597790e-07 1.808598817630222522e-08
3.429889000000000010e+01 6.916379586627182824e-07 1.403583847627939542e-08
3.666550999999999760e+01 6.048945517592620734e-07 1.089684227749649445e-08
3.919543000000000177e+01 5.290084513981691081e-07 8.463557752521096982e-09
4.189992000000000161e+01 4.626341463052357462e-07 6.579159887153178907e-09
4.479100999999999999e+01 4.045866256161276213e-07 5.119349791167214920e-09
4.788159000000000276e+01 3.538273767598381017e-07 3.987949524715631766e-09
5.118542000000000058e+01 3.094425669136229594e-07 3.110519894270466586e-09
5.471721000000000146e+01 2.706341175839870649e-07 2.429631081917655986e-09
5.849269999999999925e+01 2.366981977300491405e-07 1.890931932362771853e-09
6.252870000000000061e+01 2.070193913985133296e-07 1.474349985860780706e-09
6.684318000000000382e+01 1.810666517931473521e-07 1.152222216994307042e-09
7.145535999999999888e+01 1.583720370563431085e-07 9.029413604997711996e-10
7.638577999999999690e+01 1.385259564692306085e-07 7.096374806176258660e-10
8.165640000000000498e+01 1.211710801516569273e-07 5.592204391139774334e-10
8.729068999999999789e+01 1.059929395311661609e-07 4.414746365029599231e-10
9.331373999999999569e+01 9.271875970303146718e-08 3.500975398053714457e-10
9.975239000000000544e+01 8.110886681715877567e-08 2.790210711326219072e-10
1.066353000000000009e+02 7.095459513072761312e-08 2.235847919891111419e-10
1.139930999999999983e+02 6.207323453645948072e-08 1.802301513045444020e-10
1.218586999999999989e+02 5.430471925741821155e-08 1.462042318765135248e-10
1.302668999999999926e+02 4.750964833307016338e-08 1.194089866975627553e-10
1.392553000000000054e+02 4.156566418982367860e-08 9.821195379511256411e-11
1.488640000000000043e+02 3.636592783186008189e-08 8.136834628385363257e-11
1.591356000000000108e+02 3.181726429444629233e-08 6.791098658613156302e-11
1.701159000000000106e+02 2.783805182186513727e-08 5.709941781418618164e-11
1.818539000000000101e+02 2.435690959191836795e-08 4.836007630147871817e-11
1.944018000000000086e+02 2.131133831041226337e-08 4.124643650205146698e-11
2.078155999999999892e+02 1.864678474794227724e-08 3.541577593977785553e-11
2.221547999999999945e+02 1.631559460633835925e-08 3.060567137979227529e-11
2.374834999999999923e+02 1.427600157191213313e-08 2.660360117647657487e-11
2.538699000000000012e+02 1.249148384882590682e-08 2.324949006305001670e-11
2.713869000000000256e+02 1.093010238135297381e-08 2.041712908207303738e-11
2.901125999999999863e+02 9.563997352479638124e-09 1.800964025568234805e-11
3.101304000000000087e+02 8.368683470641937696e-09 1.594670036469691911e-11
3.315294000000000096e+02 7.322804970674621206e-09 1.416744511437103669e-11
3.544048999999999978e+02 6.407674205119562006e-09 1.262284967829739748e-11
3.788587999999999738e+02 5.606940488445689152e-09 1.127604869214062324e-11
4.050000999999999749e+02 4.906282691595482848e-09 1.009392987243303916e-11
4.329451000000000249e+02 4.293207190375677308e-09 9.051790769109306967e-12
