1.067676000000000069e+00 9.368202817194539638e-04 4.606059738106435585e-04
1.141345000000000054e+00 8.398944683582846562e-04 3.700795092698616791e-04
1.220097999999999905e+00 7.487189068355311426e-04 2.972529739586888381e-04
1.304284999999999917e+00 6.643844740165305227e-04 2.380036875238841830e-04
1.394281000000000104e+00 5.871597306386296426e-04 1.903218820742755963e-04
1.490485999999999978e+00 5.175012581215749675e-04 1.522412209107709127e-04
1.593328999999999995e+00 4.549930066765168145e-04 1.217328034229310545e-04
1.703268999999999922e+00 3.993049105093974898e-04 9.734856669477394214e-05
1.820794999999999941e+00 3.499230472324852065e-04 7.783903372348640367e-05
1.946430000000000105e+00 3.063197258019979764e-04 6.226553381050341034e-05
2.080732999999999944e+00 2.677678531108076097e-04 4.945618111306812820e-05
2.224304000000000059e+00 2.336886476092027984e-04 3.931204329014017547e-05
2.377781000000000144e+00 2.036749434595238998e-04 3.130269123171361786e-05
2.541847999999999885e+00 1.772848298061356349e-04 2.496535984547260182e-05
2.717235000000000067e+00 1.541023432447946844e-04 1.994292809015676561e-05
2.904723999999999862e+00 1.337331136673814715e-04 1.594057516744450481e-05
3.105150000000000077e+00 1.157254638093307389e-04 1.256133973018796194e-05
3.319405999999999857e+00 9.949508432367099291e-05 9.794840430894051882e-06
3.548445000000000071e+00 8.453823952694410569e-05 7.652250875019726741e-06
3.793287999999999993e+00 6.914308294601699675e-05 5.981971534732169287e-06
3.850223999999999869e+00 6.469276198293997149e-05 5.663293633901832314e-06
3.909155999999999853e+00 5.692814829955227950e-05 5.356520172110858183e-06
3.924870999999999999e+00 4.983975674571927857e-05 5.278291407436953586e-06
3.948443999999999843e+00 5.565903601490509853e-05 1.785227315660793988e-05
4.007375999999999827e+00 5.920791099851823054e-05 1.676689107705096434e-05
4.055024000000000406e+00 5.907224064927396557e-05 1.594896175229041738e-05
4.072977999999999987e+00 5.873291164855726936e-05 1.565376991393366702e-05
4.135318999999999967e+00 5.585042798450665579e-05 1.469469236996051996e-05
4.151944000000000301e+00 5.277946193819673683e-05 1.446613893794448279e-05
4.176879999999999704e+00 5.540965946946026601e-05 1.974849276859186927e-05
4.239221999999999824e+00 5.698802381907780402e-05 1.861591479981671588e-05
4.334820999999999813e+00 5.638110051972566872e-05 1.705234682157216196e-05
4.375405999999999906e+00 5.571980498367359755e-05 1.644944316944999790e-05
4.442376999999999576e+00 5.389687337482297039e-05 1.553678951261278272e-05
4.460236000000000089e+00 5.246179046717534258e-05 1.530608574058775132e-05
4.487023999999999901e+00 5.330023755978135022e-05 1.730975085662456005e-05
4.553994000000000320e+00 5.338160504954254134e-05 1.642012152387165616e-05
4.633924000000000376e+00 5.261510387321427349e-05 1.544444454943231336e-05
4.953663999999999845e+00 4.819397631439531363e-05 1.225941350933535355e-05
5.295467000000000368e+00 4.335703931069387221e-05 9.728869468077192581e-06
5.660854999999999748e+00 3.865391599688411454e-05 7.682870591659474760e-06
6.051453000000000415e+00 3.425907050688829010e-05 6.050680522779555558e-06
6.469003999999999976e+00 3.024098487903603417e-05 4.759290570738924225e-06
6.915365000000000428e+00 2.662015788409062046e-05 3.743419375877399609e-06
7.392525000000000013e+00 2.338760184187537608e-05 2.946081993005775339e-06
7.902608999999999995e+00 2.055192574047965559e-05 2.320316442846518982e-06
8.447889999999999233e+00 1.802900833866144978e-05 1.825466668333888248e-06
9.030794000000000210e+00 1.580796517846521992e-05 1.432749730599478081e-06
9.653919000000000139e+00 1.383335208661184707e-05 1.113978867266499163e-06
1.032004000000000055e+01 1.209540597927917956e-05 8.671500165816785794e-07
1.103212000000000081e+01 1.057082693523906706e-05 6.757862819981171030e-07
1.179334000000000060e+01 9.235613866038683400e-06 5.271927987872863498e-07
1.260707999999999984e+01 8.067462104654606557e-06 4.118027726537593699e-07
1.347696999999999967e+01 7.046164970379523450e-06 3.220416951503330997e-07
1.440687999999999924e+01 6.153583946406772157e-06 2.519695623610080346e-07
1.540094999999999992e+01 5.373643076610171700e-06 1.973238711509560240e-07
1.646361999999999881e+01 4.692238235571060763e-06 1.547412427251095691e-07
1.759960999999999842e+01 4.096924955961785268e-06 1.212472005649066390e-07
1.881398000000000081e+01 3.576531452304343317e-06 9.488245314876977421e-08
2.011214999999999975e+01 3.121453154797576171e-06 7.411989550746325635e-08
2.149988000000000099e+01 2.723124150692400691e-06 5.786645745947357834e-08
2.298338000000000036e+01 2.374085013763594710e-06 4.524441279694169879e-08
2.456923000000000101e+01 2.067390079646646559e-06 3.543150147325188485e-08
2.626450000000000173e+01 1.795714180814063883e-06 2.778704029959416588e-08
2.807676000000000016e+01 1.545857179076329405e-06 2.162116097783472327e-08
2.861609999999999943e+01 1.470442576984260971e-06 2.011679489967384918e-08
2.905409999999999826e+01 1.388295968374342289e-06 1.899360107251581385e-08
2.917089999999999961e+01 1.331725325368198403e-06 1.870764157173858630e-08
2.934609999999999985e+01 1.361464781843539620e-06 1.068324255464728018e-07
2.978409999999999869e+01 1.361747489546205409e-06 1.011568771403160247e-07
3.001405000000000101e+01 1.350627920014579015e-06 9.832732911507034565e-08
3.208502000000000010e+01 1.214216362504078003e-06 7.704580224550822183e-08
3.429889000000000010e+01 1.074448637797961544e-06 6.049907355150916531e-08
3.666550999999999760e+01 9.464386024193389147e-07 4.754564251628970874e-08
3.919543000000000177e+01 8.318346517528518187e-07 3.730592745614694544e-08
4.189992000000000161e+01 7.300308618724936256e-07 2.920384948409800990e-08
4.479100999999999999e+01 6.400720765685926241e-07 2.285695503095311474e-08
4.788159000000000276e+01 5.608294427411517782e-07 1.788555057037557307e-08
5.118542000000000058e+01 4.911681076958211406e-07 1.399725818075825110e-08
5.471721000000000146e+01 4.300166710976046946e-07 1.095753565368462770e-08
5.849269999999999925e+01 3.766317232366836718e-07 8.581736263713837121e-09
6.252870000000000061e+01 3.295928687552841413e-07 6.697901864280293864e-09
6.684318000000000382e+01 2.883808326152009223e-07 5.232014197242102604e-09
7.145535999999999888e+01 2.522963701053244875e-07 4.090869491438317325e-09
7.638577999999999690e+01 2.207130470119320845e-07 3.202234529793557775e-09
8.165640000000000498e+01 1.930830275281404228e-07 2.506221628187113827e-09
8.729068999999999789e+01 1.688984542670607405e-07 1.958022153634153180e-09
9.331373999999999569e+01 1.477390018308175079e-07 1.532368931435055113e-09
9.975239000000000544e+01 1.292290555150727542e-07 1.201659826134967188e-09
1.066353000000000009e+02 1.130386312859280635e-07 9.444580607616711192e-10
1.139930999999999983e+02 9.887744281170007415e-08 7.442406123046804220e-10
1.218586999999999989e+02 8.649136054638486172e-08 5.881585754327572436e-10
1.302668999999999926e+02 7.565849397345709124e-08 4.662555885132131605e-10
1.392553000000000054e+02 6.618343177222471080e-08 3.709027311020078999e-10
1.488640000000000043e+02 5.789615821299611110e-08 2.962409539059269438e-10
1.591356000000000108e+02 5.064766159218160395e-08 2.376716883510483792e-10
1.701159000000000106e+02 4.430756355207809387e-08 1.916062656382927116e-10
1.818539000000000101e+02 3.876194211657520031e-08 1.552842288759220915e-10
1.944018000000000086e+02 3.391110330397124769e-08 1.265479954203416812e-10
2.078155999999999892e+02 2.966788232340541150e-08 1.037445256295733195e-10
2.221547999999999945e+02 2.595605599606388316e-08 8.557178373210870905e-11
2.374834999999999923e+02 2.270905902888662004e-08 7.103167330476181290e-11
2.538699000000000012e+02 1.986852221987636330e-08 5.934447203996368863e-11
2.713869000000000256e+02 1.738357609717177111e-08 4.989590429400612764e-11
2.901125999999999863e+02 1.520966054452133005e-08 4.221784662944335975e-11
3.101304000000000087e+02 1.330773590523814866e-08 3.594401628146718240e-11
3.315294000000000096e+02 1.164380624594563232e-08 3.078280737672410802e-11
3.544048999999999978e+02 1.018804940816631330e-08 2.651053717898652732e-11
3.788587999999999738e+02 8.914386616243855663e-09 2.295089850960045592e-11
4.050000999999999749e+02 7.800010301284358710e-09 1.996471222847020375e-11
4.329451000000000249e+02 6.825010572444447383e-09 1.744332061580435591e-11
