1.067676000000000069e+00 3.326191052599617522e-04 6.695866617402881449e-05
1.141345000000000054e+00 2.898857679582279140e-04 5.295152920738282592e-05
1.220097999999999905e+00 2.519079816434760858e-04 4.180252843219242365e-05
1.304284999999999917e+00 2.182701951728839400e-04 3.305191413511481235e-05
1.394281000000000104e+00 1.884844910283307818e-04 2.617344503496946614e-05
1.490485999999999978e+00 1.620047806912117800e-04 2.074469418925369799e-05
1.593328999999999995e+00 1.381939833422676355e-04 1.645663120867596092e-05
1.703268999999999922e+00 1.161859648179377417e-04 1.307517316707601311e-05
1.820794999999999941e+00 9.397931978152263498e-05 1.040397286368598336e-05
1.900808000000000053e+00 7.477617555883819540e-05 8.985916678908233995e-06
1.929902000000000006e+00 5.940702833158604190e-05 8.533996703518356586e-06
1.937659999999999938e+00 4.436245058045925526e-05 8.418606570025196763e-06
1.946430000000000105e+00 5.447335623099591924e-05 3.597953087784840439e-05
1.949297999999999975e+00 5.730135140927400010e-05 3.578260502081516273e-05
1.966663999999999968e+00 6.415197580962790115e-05 3.461925141326933501e-05
1.978391999999999928e+00 6.528628414893483472e-05 3.386174052114443146e-05
1.996766000000000041e+00 6.340567118392590894e-05 3.271553682938757780e-05
2.004792999999999825e+00 5.753426857186047229e-05 3.222953825693578017e-05
2.016833999999999794e+00 6.484182705737620968e-05 4.420806935015989978e-05
2.046936000000000089e+00 7.136195229782781686e-05 4.185495699612468259e-05
2.080732999999999944e+00 7.360299241865272707e-05 3.942872154567632581e-05
2.171974000000000071e+00 7.289876381708875321e-05 3.376865457280449399e-05
2.205219000000000040e+00 7.035204722540436642e-05 3.197996415993384421e-05
2.214084000000000163e+00 6.779819156020517495e-05 3.152367721713412606e-05
2.224304000000000059e+00 6.947714553607144735e-05 3.566242793806825352e-05
2.227381999999999973e+00 6.990217004425627303e-05 3.549050921004008103e-05
2.260625999999999802e+00 7.114625885006281656e-05 3.370039859632416594e-05
2.377781000000000144e+00 6.905328837039747104e-05 2.828158434792496300e-05
2.541847999999999885e+00 6.369238452077173596e-05 2.248877922020930115e-05
2.717235000000000067e+00 5.768122156358414238e-05 1.783874720722622876e-05
2.904723999999999862e+00 5.170506418048175076e-05 1.414479703624620741e-05
3.105150000000000077e+00 4.605871994511290338e-05 1.115684277435750974e-05
3.319405999999999857e+00 4.078679044127886280e-05 8.769733599333783165e-06
3.548445000000000071e+00 3.598641981562267201e-05 6.899325729491428828e-06
3.793287999999999993e+00 3.167477820632288418e-05 5.432891749650689583e-06
4.055024000000000406e+00 2.793984705923250743e-05 4.263168761841686240e-06
4.334820999999999813e+00 2.450270925572094389e-05 3.333389856696805910e-06
4.633924000000000376e+00 2.148410025225059249e-05 2.602951945255410463e-06
4.953663999999999845e+00 1.879600602420792451e-05 2.032043603584354554e-06
5.295467000000000368e+00 1.643205040989115720e-05 1.586931990914919464e-06
5.660854999999999748e+00 1.435784178323718579e-05 1.239777408873594387e-06
6.051453000000000415e+00 1.254090353609780158e-05 9.696715858364727286e-07
6.469003999999999976e+00 1.095128944037395519e-05 7.592145207884063213e-07
6.915365000000000428e+00 9.561692379718050012e-06 5.949703397402673018e-07
7.392525000000000013e+00 8.347584495127235044e-06 4.666648985747012179e-07
7.902608999999999995e+00 7.287194642504638643e-06 3.664605344324809330e-07
8.447889999999999233e+00 6.361500595979598403e-06 2.880218059292745961e-07
9.030794000000000210e+00 5.553573830274768814e-06 2.252307477282651860e-07
9.653919000000000139e+00 4.846471446398026781e-06 1.745970604510911987e-07
1.032004000000000055e+01 4.227514537283546266e-06 1.349766323534451371e-07
1.103212000000000081e+01 3.685909710459497172e-06 1.044957115995550352e-07
1.179334000000000060e+01 3.211836983554085233e-06 8.101458379413219003e-08
1.260707999999999984e+01 2.796266913853596563e-06 6.290635003867895884e-08
1.347696999999999967e+01 2.430617895125825345e-06 4.891992063148779649e-08
1.440687999999999924e+01 2.105572885381475698e-06 3.810163955017757854e-08
1.540094999999999992e+01 1.803597768805560659e-06 2.972418051156759641e-08
1.578251000000000026e+01 1.682582091835593275e-06 2.714776059752648753e-08
1.602408000000000143e+01 1.568809752040675717e-06 2.566407694822007070e-08
1.608849999999999980e+01 1.480391366698968692e-06 2.528872363464030266e-08
1.618512000000000128e+01 1.539331214577613542e-06 1.725811216307556218e-07
1.642669000000000068e+01 1.561597552311710475e-06 1.627660506818065837e-07
1.646361999999999881e+01 1.559932521596290025e-06 1.613354225425654495e-07
1.759960999999999842e+01 1.425628625439952013e-06 1.251971854512714822e-07
1.881398000000000081e+01 1.268128824137487353e-06 9.842800223001944028e-08
2.011214999999999975e+01 1.120506273225248612e-06 7.767558583445567621e-08
2.149988000000000099e+01 9.870485502375029250e-07 6.118415729894152579e-08
2.298338000000000036e+01 8.676288234896603364e-07 4.797327185599900196e-08
2.456923000000000101e+01 7.615740372527512327e-07 3.757870627319847387e-08
2.626450000000000173e+01 6.678504139492409230e-07 2.942914525436461767e-08
2.807676000000000016e+01 5.852728688991634578e-07 2.297390666832228744e-08
3.001405000000000101e+01 5.125926115998168074e-07 1.792074235540962743e-08
3.208502000000000010e+01 4.487737120136751151e-07 1.398420967548462521e-08
3.429889000000000010e+01 3.931324802317124506e-07 1.085163174493000098e-08
3.666550999999999760e+01 3.439760569893123806e-07 8.421969153761061372e-09
3.919543000000000177e+01 3.009127145425095256e-07 6.540792511983995518e-09
4.189992000000000161e+01 2.632110219798371622e-07 5.082571348948471227e-09
4.479100999999999999e+01 2.302168840428910275e-07 3.952189054516916809e-09
4.788159000000000276e+01 2.013501509509669087e-07 3.075360306877403478e-09
5.118542000000000058e+01 1.760992731118830519e-07 2.394157736802115818e-09
5.471721000000000146e+01 1.540138236184378511e-07 1.865986819626196652e-09
5.849269999999999925e+01 1.346988460167421136e-07 1.456176818610848317e-09
6.252870000000000061e+01 1.178082876455439400e-07 1.138067287230001986e-09
6.684318000000000382e+01 1.030378589394364335e-07 8.909485247172792358e-10
7.145535999999999888e+01 9.012210210763740398e-08 6.977842022754191187e-10
7.638577999999999690e+01 7.882675693237971903e-08 5.462833642213080914e-10
8.165640000000000498e+01 6.894924962587742996e-08 4.284661035638612102e-10
8.729068999999999789e+01 6.030960899350929223e-08 3.364727188248778009e-10
9.331373999999999569e+01 5.275379369045059606e-08 2.651539564543724230e-10
9.975239000000000544e+01 4.614567098238313027e-08 2.097898843059188080e-10
1.066353000000000009e+02 4.036646815915940578e-08 1.667218823743449883e-10
1.139930999999999983e+02 3.531189051481428727e-08 1.331497943819376950e-10
1.218586999999999989e+02 3.089106331389126470e-08 1.069104195671870817e-10
1.302668999999999926e+02 2.702438639034242985e-08 8.634323085193175584e-11
1.392553000000000054e+02 2.364225066495050097e-08 7.017039977522929446e-11
1.488640000000000043e+02 2.068379836149782990e-08 5.740568013936497228e-11
1.591356000000000108e+02 1.809595272340065351e-08 4.728781349464534993e-11
1.701159000000000106e+02 1.583218211853492639e-08 3.922983048252547892e-11
1.818539000000000101e+02 1.385188605980919885e-08 3.277849183566359872e-11
1.944018000000000086e+02 1.211944789885835976e-08 2.758437025480593962e-11
2.078155999999999892e+02 1.060384073304899126e-08 2.337882268319508580e-11
2.221547999999999945e+02 9.277928292157650238e-09 1.994871735968287682e-11
2.374834999999999923e+02 8.117887319606939106e-09 1.713309306631115854e-11
2.538699000000000012e+02 7.102981208028465907e-09 1.480315859423908861e-11
2.713869000000000256e+02 6.215011533455513527e-09 1.286330029572159256e-11
2.901125999999999863e+02 5.438120570688876520e-09 1.123398753066467022e-11
3.101304000000000087e+02 4.758379486916119990e-09 9.856766349729689379e-12
3.315294000000000096e+02 4.163625676099674059e-09 8.683098859440642796e-12
3.544048999999999978e+02 3.643249588815065676e-09 7.677154703177585389e-12
3.788587999999999738e+02 3.187927757868454535e-09 6.808552108317438085e-12
4.050000999999999749e+02 2.789524127062544429e-09 6.054126423934516377e-12
4.329451000000000249e+02 2.440923464018045119e-09 5.395237071305462285e-12
