1.000969999999999915e+00 7.915683814196982152e-04 5.008093371511994915e-04
1.004993999999999943e+00 7.760957083778383505e-04 4.941850843505045127e-04
1.011030000000000095e+00 7.818410820797554520e-04 5.068845737213850504e-04
1.026119999999999921e+00 7.767165726244976186e-04 4.827927089941546268e-04
1.067676000000000069e+00 7.419012861296849382e-04 4.237234825285275328e-04
1.141345000000000054e+00 6.736859248303131735e-04 3.404040807600088037e-04
1.220097999999999905e+00 6.051493363946030667e-04 2.735178530091263637e-04
1.304284999999999917e+00 5.400839038154701781e-04 2.198521584013841945e-04
1.394281000000000104e+00 4.799853997315434856e-04 1.766023332555580379e-04
1.490485999999999978e+00 4.249644056433121318e-04 1.414028309239780872e-04
1.593328999999999995e+00 3.749320625737384755e-04 1.130525128757983234e-04
1.703268999999999922e+00 3.299098424789900287e-04 9.041148158817053195e-05
1.820794999999999941e+00 2.897969978263554387e-04 7.234229527865430355e-05
1.946430000000000105e+00 2.541086783651982299e-04 5.792126459419583384e-05
2.080732999999999944e+00 2.226448507518293137e-04 4.638903628624390627e-05
2.224304000000000059e+00 1.947973200395245570e-04 3.712831195577964997e-05
2.377781000000000144e+00 1.702680731076570845e-04 2.962587159960853258e-05
2.541847999999999885e+00 1.486149617581984553e-04 2.356845364307428588e-05
2.717235000000000067e+00 1.295134027292436354e-04 1.878133518964627399e-05
2.904723999999999862e+00 1.127319490225226514e-04 1.499259017919542774e-05
3.105150000000000077e+00 9.815958858773403254e-05 1.186689577660350057e-05
3.319405999999999857e+00 8.512733150647027814e-05 9.312598770568654704e-06
3.548445000000000071e+00 7.347408126570399982e-05 7.285323510646631190e-06
3.793287999999999993e+00 6.294260181059808132e-05 5.698278717159019338e-06
4.055024000000000406e+00 5.299108421749760108e-05 4.465825038892166317e-06
4.254571999999999576e+00 4.473883567931160276e-05 3.751491205694292328e-06
4.319693000000000005e+00 3.969646295283970656e-05 3.551129292885153806e-06
4.334820999999999813e+00 3.628165387028548568e-05 3.506638256621624654e-06
4.337058999999999997e+00 3.515155215357830098e-05 3.500144307280356107e-06
4.363107000000000291e+00 3.883735575544412045e-05 1.152087364227638768e-05
4.428227999999999831e+00 4.104203347387101839e-05 1.081729263500911178e-05
4.519759999999999778e+00 4.044996370268876109e-05 9.917013671106515474e-06
4.588940000000000019e+00 3.842986648449010962e-05 9.320081566335834347e-06
4.607388000000000261e+00 3.644149751404305053e-05 9.175463408100644351e-06
4.633924000000000376e+00 3.800818467176775208e-05 1.254046162435990278e-05
4.635060000000000180e+00 3.805703339245079689e-05 1.252809022570507697e-05
4.704240000000000421e+00 3.893317282979732292e-05 1.180727243043217035e-05
4.840416000000000274e+00 3.804332365486402622e-05 1.054977829425100934e-05
4.914503999999999984e+00 3.680624363140732507e-05 9.962424202335285310e-06
4.934261000000000230e+00 3.586446260846503140e-05 9.814106898670106415e-06
4.953663999999999845e+00 3.620874607232839098e-05 1.118802706196414550e-05
4.963896000000000086e+00 3.638156136167021806e-05 1.110555613474653877e-05
5.037983999999999796e+00 3.637290060344839477e-05 1.053444547415007549e-05
5.295467000000000368e+00 3.438604731488937807e-05 8.848098925373300394e-06
5.660854999999999748e+00 3.108580430955871143e-05 7.034975623928909446e-06
6.051453000000000415e+00 2.778952203315735443e-05 5.566774878681932181e-06
6.469003999999999976e+00 2.467291986078424341e-05 4.389371512657973349e-06
6.915365000000000428e+00 2.180553524648564805e-05 3.454280995968405458e-06
7.392525000000000013e+00 1.921085041915468345e-05 2.717723341073537398e-06
7.902608999999999995e+00 1.688841517611161094e-05 2.139219100330486453e-06
8.447889999999999233e+00 1.482526009888131243e-05 1.685508215270188098e-06
9.030794000000000210e+00 1.302350855648863555e-05 1.325427717233809583e-06
9.653919000000000139e+00 1.141803023488427442e-05 1.033442767028689165e-06
1.032004000000000055e+01 9.999374776019124639e-06 8.047100390166005685e-07
1.103212000000000081e+01 8.744371354066217368e-06 6.266472670177111433e-07
1.179334000000000060e+01 7.643161186331701873e-06 4.884420059690977722e-07
1.260707999999999984e+01 6.678505670740990472e-06 3.811482056720688111e-07
1.347696999999999967e+01 5.834401602166338723e-06 2.977760679994901797e-07
1.440687999999999924e+01 5.096277751801677819e-06 2.329203587986366863e-07
1.540094999999999992e+01 4.451146519467300787e-06 1.824040535035827960e-07
1.646361999999999881e+01 3.887393379090469954e-06 1.429094474416056361e-07
1.759960999999999842e+01 3.394807144231529004e-06 1.120701213910173539e-07
1.881398000000000081e+01 2.964437705320867331e-06 8.799688927529998643e-08
2.011214999999999975e+01 2.588317476160029652e-06 6.896432040144229616e-08
2.149988000000000099e+01 2.259453294683216680e-06 5.403808174467065660e-08
2.298338000000000036e+01 1.971705522231361571e-06 4.221125298395105946e-08
2.456923000000000101e+01 1.719670049692263840e-06 3.301916186877697894e-08
2.626450000000000173e+01 1.498475310289420295e-06 2.586923580523162021e-08
2.807676000000000016e+01 1.303399189513912261e-06 2.011673640746368980e-08
3.001405000000000101e+01 1.127367823308593433e-06 1.562511437894635357e-08
3.117752000000000123e+01 1.026371635733877339e-06 1.354046653689095561e-08
3.165473000000000070e+01 9.704259826506873993e-07 1.279000871566616239e-08
3.178199000000000041e+01 9.326278368587524346e-07 1.259912808781802211e-08
3.197287000000000035e+01 9.515893321185505975e-07 7.078589707351103112e-08
3.208502000000000010e+01 9.552260480336536997e-07 6.989566065007747492e-08
3.245007999999999981e+01 9.502032286336014847e-07 6.709445898817016832e-08
3.429889000000000010e+01 8.745042058043983472e-07 5.491040588041163058e-08
3.666550999999999760e+01 7.751872203995013117e-07 4.312499590267848466e-08
3.919543000000000177e+01 6.832384367801555270e-07 3.386839791930516668e-08
4.189992000000000161e+01 6.006593603774089641e-07 2.658657771007760211e-08
4.479100999999999999e+01 5.272354300832404629e-07 2.081431448531694819e-08
4.788159000000000276e+01 4.623138461196024190e-07 1.629490814105594518e-08
5.118542000000000058e+01 4.051073128965357721e-07 1.275813939366719019e-08
5.471721000000000146e+01 3.548086840837836580e-07 9.991260552588093722e-09
5.849269999999999925e+01 3.106486636103092743e-07 7.827122281468324147e-09
6.252870000000000061e+01 2.719193492649308723e-07 6.135166688995694748e-09
6.684318000000000382e+01 2.381171303596865414e-07 4.798402311431565138e-09
7.145535999999999888e+01 2.083537112047137265e-07 3.752358854828017180e-09
7.638577999999999690e+01 1.822910813268726649e-07 2.937261741818228336e-09
8.165640000000000498e+01 1.594806573690537874e-07 2.298611138338492656e-09
8.729068999999999789e+01 1.395146868221183877e-07 1.795479047173532734e-09
9.331373999999999569e+01 1.220415716419748279e-07 1.404659660755650295e-09
9.975239000000000544e+01 1.067541384024890811e-07 1.100878899461209382e-09
1.066353000000000009e+02 9.338077797726158208e-08 8.645256417764738949e-10
1.139930999999999983e+02 8.168291926526982277e-08 6.805076724711501971e-10
1.218586999999999989e+02 7.145085923151224993e-08 5.370537693518182359e-10
1.302668999999999926e+02 6.250159852025828731e-08 4.251119433799509224e-10
1.392553000000000054e+02 5.467393357573536721e-08 3.376076615488217202e-10
1.488640000000000043e+02 4.782744581375671691e-08 2.691155803571637719e-10
1.591356000000000108e+02 4.183923542770590563e-08 2.153864229329438818e-10
1.701159000000000106e+02 3.660142042830299017e-08 1.731504481054332079e-10
1.818539000000000101e+02 3.202003419353981786e-08 1.398739034040637076e-10
1.944018000000000086e+02 2.801258612567161932e-08 1.135825458067123507e-10
2.078155999999999892e+02 2.450718058079953690e-08 9.274203216718229223e-11
2.221547999999999945e+02 2.144082969763339345e-08 7.616949658164939290e-11
2.374834999999999923e+02 1.875844939342243441e-08 6.293391267711887514e-11
2.538699000000000012e+02 1.641193189538329137e-08 5.232640459094803401e-11
2.713869000000000256e+02 1.435916998475459411e-08 4.377886189176061084e-11
2.901125999999999863e+02 1.256332822561880279e-08 3.686160766948226664e-11
3.101304000000000087e+02 1.099225166180610908e-08 3.122863754071630188e-11
3.315294000000000096e+02 9.617754664205400173e-09 2.661867279203077770e-11
3.544048999999999978e+02 8.415226324446423614e-09 2.281941292961217297e-11
3.788587999999999738e+02 7.363137719938686941e-09 1.967109155339800952e-11
4.050000999999999749e+02 6.442642515813193123e-09 1.704390103811460196e-11
4.329451000000000249e+02 5.637277561564025745e-09 1.483886452735176519e-11
